130846373683281
4402647655903
4402639308176
70373244356198
31890262472666
409022909108477
93463071936765
83567375834728
2203438433820
3302969684237
128647444025597
7701161184042
48382926686741
65975186490369
34089336873192
85766322031125
371639513764093
27492586883790
42885453561797
42885443461201
6601484944924
25293162408375
3303102542700
31890337284037
6601892983504
39586813569463
24193788812411
16497151955369
4394969527
28591839742741
35188844798561
4402442933802
3302981491386
69273647614485
57179090755431
46184071942397
5501983406042
9900012375375
32989821543009
50582030411113
111055160516455
36288372540417
53880464730551
357345862603005
5502044846087
13198732368177
38487379681889
8800585145960
20895258348309
41785876656397
27492368539347
43984951222119
10999616356293
29691322152314
21994713526371
9900002317688
3303129850530
53880484825621
61577139068841
34089255430583
6601504567565
58278611805545
42885378750426
49482517881491
59378211475709
1103907370071
19795711667634
54980164964605
79169636513697
24193650780599
4502367666
21994749012952
90164537053437
47283516451800
27492285325971
1103928511198
32989837657089
3302929852855
7701081472965
12099022875063
17596678168168
65975214123992
8800593200742
49482539707352
7701105459805
12099035630927
376037560275197
308967350980861
2203426933594
13198534502839
112154769608957
14298252305887
63776190868440
4449921794
13198634164883
17596697052937
4553825061
19795746720533
2203828932428
30790825756262
5502026524771
23094139152823
37387868054113
37387939298919
27492328114965
3302930023705
27492282818152
7700976363959
34089376918488
4402546689638
8800580632333
28591802400709
56079488526290
28591698744874
4402588055072
1103906597303
74771186198482
36288400174040
62676665660995
10999511247287
32989748354136
217707791123457
43984861533738
324360513769725
31890272006413
25293309979955
139642466705489
119851351003389
50582023701505
4434800909
4402442306284
58278616450662
72572166954072
72572283890648
232001442284545
27492185663927
43984965189573
68174213045864
28591846729313
31890353662936
12099105453240
28591802500710
23094322028243
7701089112401
67075008608161
58278511241655
27492187117098
9900200351512
36288360128744
62676679240664
6601653342461
38487423429592
15397675357462
26392675489322
38487301941687
19795613825540
82468171397025
56079676592381
25293175164239
25293257416785
81368352579176
4402449073723
95662001594449
43984860080567
45084472272233
39586815022634
61577167612888
38487407050693
67074709472870
42885426192993
73671767884801
17596582467114
263887374242045
17596581013943
43984941523176
136343931822161
17596594995737
15397660374434
25293240148577
38487490547965
40686325197239
35188767598546
5501990299451
19795617025359
13198681077280
57178999613879
141841472703272
48383028079576
8800527823117
70373554424309
1104115823809
96761523422822
64875686217318
4402555911278
31890232175031
15397704332832
52780973197845
92363466711121
74771287140244
60477554592277
50582118453501
6601477492047
82467872261734
61577151333990
274882395767809
2203418225079
8800608078416
71472772262872
1103920579097
90164443455569
20895128653135
24193681078234
43985048686845
47283395736663
53880569939558
60477723103485
79169420775677
18696097193048
2203493358215
6601613122844
7701069004557
360644397486333
19795703931539
13198536631614
111055073926232
61577234731261
235300071919869
31890246156825
71472839381245
7701153551457
178125467275517
54980097846232
54980071366737
65975230667899
78069817695848
25293276519952
30790842035160
41785836825015
18696239216160
48382988034280
31890374626069
24193690611981
102259071361105
4402842041120
29691248750861
5501992939789
10999525229081
75870835317883
13198535275607
2203517197154
52781099677216
38487332239322
31890318176355
13198612243041
57179019708949
3302930625623
48382915015741
6601665291544
43984937820769
26392704333786
27492374270205
3303035061862
45084519279923
1104013995442
15397559239278
1103972998403
6601492493256
962110
255091281219837
2203516452209
9900089630979
129746860901377
4515604674
4402630086909
45084493196248
10999599477754
8800694167007
95662003740264
32989763897877
5502067539054
70373260635096
2203618854170
52781030842977
134145002164477
1104011806310
29691358357089
17596769620221
15397570514255
90164752791457
240797535306753
4402441544453
30790734529049
4402442495772
256190792847613
111055257981181
60477655985112
73671862636797
1104054168883
9900004170840
41785942034022
91263951216487
39586814109650
15397571740185
13198603052378
10999513376062
58278605095937
1103988295730
27492290772933
19795605128478
1104052757608
4402599975093
4402562968536
4492123752
28591737123085
1104096879436
45084453150952
13198716148563
23094178984205
69273816125693
4402455462425
35188888546264
46183991244355
118751839375613
65975281242365
1103906661125
62676673791753
68174201892963
158334164377681
31890232715218
85766407145062
252892257964285
10999712083183
8800487991735
56079609474008
46183988445125
9900001072682
17596676022353
56079487986103
7701203999299
9900000634652
64875702496216
36288391918970
9900121107416
1104034461509
27492307151832
25293163861546
72572351009021
38487415174522
24193797355040
54980070212609
32989744342994
85766310360125
32989743802807
28591793830820
2203419678250
56079593195110
119851256251393
26392779245158
235299977167873
6601557376781
118751744623617
13198537201016
25293162948562
6601569945190
4402552401124
339753676558589
28591841696660
5502038414573
60371750
86865904705383
9900092260109
12099127984069
31890326029313
1104334157546
28591697291703
27492280672337
8800915551978
6601665572079
30790740642325
29691351370517
58278632729560
106657027415128
390331211436285
85766490542333
40686424859283
29691330407384
86865918772838
4402604647191
36288279226322
18696094122606
214409350992125
29691208919479
40686413389819
25293176390169
2203448522714
31890309915233
7700990345753
3303099688308
16497151964344
32989783634189
81368444031229
17596663592120
6601464736183
4402843037673
30790806548579
84666895517286
12099130783299
14298055686660
15397559211562
93462974472039
12099431512659
40686472768819
86865821987901
20220200
32989865290712
23094252385658
24193652233770
47283415058965
26393075511690
19795709496509
24193747934824
26392674036151
125348815544401
36288467292413
50582015848547
36288373694545
2203819782121
23094244261829
7701377160153
248494211453181
67074725751768
65975197845094
78069909147901
14298085961997
26392674576338
40686446685144
31890415050451
1104065091765
123149846718049
29691391794899
49482523428454
37387911801816
52781069141769
37387790313911
62676662961766
48383000445953
40686482035539
63776177288771
5501954123548
16497082142031
21994627525047
6601542239020
14298153528754
4402481312013
46183996568954
21994822436111
47283396417066
14298046130615
270484444008701
34089255970770
2203523434086
28591846276711
5502058317414
10999644755311
20895129879065
4500178534
5501953172229
53880542470753
63776174589542
21994640280911
18696095339896
1103909814204
100060141703421
174826837640193
65975187644497
71472659199037
15397557758391
54979976358327
399127304458493
47283394963895
3303056065665
42885445607016
41785856920085
49482499662056
159433769603325
