4553825061
4402599975093
93463071936765
7701203999299
4502367666
82467872261734
46184071942397
248494211453181
69273647614485
14298055686660
256190792847613
4394969527
27492328114965
30790806548579
32989743802807
32989744342994
29691358357089
29691322152314
90164752791457
24193681078234
25293175164239
30790734529049
62676662961766
102259071361105
28591846276711
63776177288771
45084519279923
1104115823809
130846373683281
73671862636797
1104052757608
24193690611981
8800915551978
8800487991735
17596663592120
50582030411113
24193650780599
28591846729313
81368444031229
1103972998403
56079487986103
3302969684237
17596697052937
4402455462425
31890374626069
129746860901377
17596582467114
360644397486333
27492307151832
4402442933802
27492374270205
6601665572079
37387939298919
100060141703421
4402842041120
1103906597303
38487490547965
38487332239322
32989763897877
128647444025597
324360513769725
4402562968536
2203523434086
2203493358215
49482523428454
2203426933594
13198537201016
24193747934824
56079609474008
174826837640193
23094178984205
21994627525047
85766310360125
34089336873192
4500178534
83567375834728
17596676022353
5502058317414
19795617025359
15397557758391
53880484825621
13198535275607
15397660374434
371639513764093
26392674576338
41785876656397
25293162948562
19795703931539
17596594995737
85766322031125
6601542239020
27492290772933
12099130783299
47283516451800
40686472768819
61577167612888
24193788812411
74771287140244
7700976363959
15397675357462
38487379681889
29691208919479
214409350992125
13198681077280
2203618854170
26393075511690
32989865290712
4402546689638
56079676592381
91263951216487
28591802400709
29691351370517
27492185663927
235299977167873
95662001594449
10999511247287
32989821543009
29691330407384
42885378750426
112154769608957
82468171397025
31890309915233
9900004170840
38487423429592
31890415050451
9900001072682
41785856920085
36288360128744
8800608078416
5502067539054
4402441544453
27492282818152
2203516452209
40686424859283
4434800909
71472772262872
21994822436111
96761523422822
16497151964344
35188888546264
2203419678250
7701153551457
65975187644497
84666895517286
34089255970770
6601464736183
20895258348309
62676673791753
23094244261829
65975214123992
4402647655903
7700990345753
10999644755311
7701089112401
36288279226322
43984965189573
46183991244355
390331211436285
49482517881491
6601653342461
64875702496216
34089255430583
47283396417066
141841472703272
270484444008701
28591697291703
27492280672337
60371750
58278616450662
72572351009021
70373244356198
13198612243041
36288372540417
60477723103485
10999513376062
19795709496509
65975230667899
68174201892963
29691248750861
62676665660995
60477554592277
16497082142031
25293309979955
4402843037673
85766407145062
19795605128478
49482539707352
30790842035160
79169636513697
12099035630927
92363466711121
23094322028243
5502038414573
111055257981181
3302930625623
67074709472870
6601492493256
57178999613879
263887374242045
48383028079576
72572283890648
78069909147901
4449921794
62676679240664
12099105453240
9900089630979
40686325197239
8800580632333
63776190868440
37387868054113
52781030842977
9900002317688
19795746720533
2203448522714
81368352579176
4492123752
19795613825540
32989783634189
58278605095937
6601484944924
64875686217318
45084493196248
47283394963895
31890353662936
7701161184042
3303102542700
90164537053437
13198716148563
4402604647191
4402442495772
106657027415128
40686446685144
69273816125693
4402630086909
26392704333786
31890232715218
1104065091765
46183996568954
13198603052378
38487407050693
27492285325971
5501990299451
339753676558589
21994749012952
65975186490369
1104013995442
8800694167007
6601613122844
26392779245158
68174213045864
31890318176355
20895128653135
158334164377681
39586814109650
123149846718049
43984951222119
34089376918488
14298153528754
1104034461509
86865918772838
86865821987901
9900200351512
4402588055072
40686413389819
28591698744874
5501992939789
18696239216160
3302930023705
48382926686741
9900092260109
72572166954072
15397559239278
39586813569463
23094139152823
79169420775677
111055160516455
31890337284037
71472659199037
255091281219837
3302929852855
57179019708949
43985048686845
1104011806310
10999525229081
48382988034280
119851351003389
42885443461201
54980097846232
235300071919869
125348815544401
58278632729560
139642466705489
10999616356293
37387911801816
41785836825015
31890326029313
85766490542333
7701105459805
1103928511198
39586815022634
52781069141769
6601477492047
53880464730551
35188767598546
9900000634652
7701069004557
67074725751768
38487415174522
70373554424309
13198534502839
1104334157546
65975281242365
54980071366737
75870835317883
6601665291544
19795711667634
5501953172229
136343931822161
53880569939558
962110
43984941523176
4515604674
18696094122606
25293240148577
18696097193048
28591839742741
60477655985112
57179090755431
48382915015741
36288391918970
61577234731261
46183988445125
13198732368177
2203418225079
52780973197845
36288400174040
53880542470753
12099431512659
21994713526371
65975197845094
7701377160153
45084472272233
2203828932428
2203819782121
12099022875063
10999599477754
28591841696660
4402552401124
3303099688308
178125467275517
25293176390169
2203517197154
6601557376781
26392675489322
42885426192993
409022909108477
4402639308176
71472839381245
63776174589542
1103920579097
376037560275197
8800527823117
6601892983504
18696095339896
10999712083183
30790825756262
232001442284545
17596581013943
31890246156825
31890232175031
54980164964605
25293276519952
29691391794899
2203438433820
12099127984069
111055073926232
8800585145960
40686482035539
4402481312013
35188844798561
20220200
5502026524771
25293257416785
4402442306284
30790740642325
13198536631614
357345862603005
7701081472965
25293162408375
399127304458493
56079593195110
61577139068841
43984860080567
50582023701505
14298046130615
15397559211562
119851256251393
36288467292413
38487301941687
27492586883790
4402449073723
31890262472666
31890272006413
45084453150952
134145002164477
16497151955369
15397570514255
17596678168168
78069817695848
49482499662056
48383000445953
240797535306753
20895129879065
9900012375375
5502044846087
8800593200742
15397571740185
5501954123548
274882395767809
43984937820769
61577151333990
3303035061862
27492368539347
6601569945190
3303056065665
37387790313911
32989837657089
36288373694545
15397704332832
4402555911278
28591793830820
28591802500710
118751744623617
59378211475709
6601504567565
47283415058965
3302981491386
67075008608161
1103907370071
308967350980861
21994640280911
26392674036151
32989748354136
159433769603325
14298085961997
42885453561797
28591737123085
3303129850530
47283395736663
86865904705383
41785942034022
23094252385658
1103909814204
1104054168883
1103906661125
42885445607016
90164443455569
9900121107416
43984861533738
50582118453501
118751839375613
252892257964285
25293163861546
58278611805545
27492187117098
1103988295730
73671767884801
24193652233770
5501983406042
217707791123457
56079488526290
24193797355040
17596769620221
13198634164883
50582015848547
54980070212609
95662003740264
54979976358327
1104096879436
