36288391918970
29691391794899
4402843037673
12099431512659
31890337284037
30790806548579
21994822436111
24193681078234
40686413389819
71472839381245
28591698744874
119851351003389
106657027415128
232001442284545
5502038414573
28591839742741
28591802400709
1103906661125
56079487986103
47283394963895
32989865290712
159433769603325
6601665291544
96761523422822
15397571740185
174826837640193
79169636513697
19795617025359
20895128653135
5502044846087
38487407050693
65975187644497
39586814109650
24193652233770
4515604674
19795711667634
4500178534
255091281219837
62676679240664
46183991244355
10999599477754
43985048686845
25293162948562
34089376918488
390331211436285
7701069004557
1104052757608
32989743802807
32989744342994
4402842041120
10999644755311
324360513769725
3303129850530
3302930023705
25293276519952
60477723103485
4402647655903
83567375834728
2203523434086
45084453150952
119851256251393
9900092260109
13198536631614
9900121107416
6601464736183
1103920579097
4492123752
91263951216487
17596676022353
7701161184042
19795613825540
46184071942397
3302929852855
23094139152823
53880464730551
43984941523176
60371750
25293163861546
130846373683281
42885453561797
65975214123992
19795746720533
4402552401124
31890415050451
72572351009021
2203819782121
12099035630927
82468171397025
43984965189573
43984860080567
25293309979955
28591846276711
62676665660995
42885426192993
75870835317883
31890374626069
45084472272233
2203438433820
23094252385658
8800608078416
6601542239020
29691358357089
2203516452209
60477554592277
65975186490369
19795709496509
39586815022634
21994713526371
6601492493256
47283415058965
6601557376781
13198612243041
17596663592120
48383000445953
28591802500710
35188888546264
7701105459805
73671767884801
54980071366737
58278632729560
78069817695848
28591737123085
68174201892963
90164752791457
40686446685144
86865821987901
25293162408375
9900089630979
21994749012952
95662003740264
82467872261734
23094244261829
25293240148577
34089255970770
23094322028243
86865918772838
65975197845094
48382926686741
20895258348309
78069909147901
12099022875063
26392704333786
13198534502839
32989748354136
118751839375613
16497082142031
70373244356198
139642466705489
61577167612888
10999513376062
134145002164477
18696094122606
57178999613879
235300071919869
3302981491386
25293257416785
7701081472965
4402455462425
50582015848547
49482517881491
47283395736663
263887374242045
274882395767809
60477655985112
111055257981181
71472772262872
27492374270205
4434800909
49482523428454
1103909814204
6601569945190
8800580632333
1103972998403
35188767598546
30790842035160
4449921794
1104013995442
27492307151832
19795703931539
339753676558589
72572283890648
10999616356293
5502058317414
2203828932428
360644397486333
42885445607016
13198535275607
5502067539054
46183996568954
27492586883790
4402481312013
62676673791753
112154769608957
81368352579176
17596697052937
20220200
38487332239322
17596769620221
61577234731261
13198537201016
42885378750426
123149846718049
93463071936765
36288400174040
47283516451800
3303099688308
31890326029313
48382988034280
61577139068841
26393075511690
31890232175031
13198603052378
111055073926232
56079593195110
27492282818152
8800527823117
43984861533738
47283396417066
962110
308967350980861
27492280672337
30790740642325
29691208919479
29691330407384
53880542470753
27492290772933
16497151964344
125348815544401
50582118453501
57179019708949
67074709472870
31890232715218
39586813569463
3302969684237
7701377160153
3303035061862
256190792847613
9900001072682
27492185663927
15397570514255
118751744623617
7701153551457
35188844798561
5501953172229
23094178984205
8800915551978
5501954123548
25293175164239
53880569939558
13198716148563
27492285325971
24193690611981
40686325197239
38487301941687
15397675357462
9900000634652
2203618854170
2203426933594
56079488526290
158334164377681
31890353662936
42885443461201
27492187117098
1104065091765
1104115823809
129746860901377
85766407145062
10999525229081
57179090755431
24193788812411
31890272006413
4402630086909
8800694167007
64875702496216
6601484944924
136343931822161
81368444031229
15397559239278
36288373694545
36288467292413
38487490547965
24193797355040
28591793830820
85766310360125
15397660374434
4402442933802
17596678168168
48383028079576
4402599975093
17596594995737
10999712083183
29691351370517
32989821543009
32989837657089
58278605095937
4402442306284
67075008608161
90164537053437
4402555911278
9900002317688
5502026524771
38487415174522
13198634164883
54980070212609
9900200351512
38487379681889
13198732368177
36288360128744
21994640280911
64875686217318
4402588055072
32989783634189
26392779245158
235299977167873
2203517197154
1103928511198
37387868054113
2203418225079
18696239216160
3302930625623
18696097193048
2203448522714
27492368539347
12099105453240
20895129879065
52780973197845
399127304458493
15397557758391
46183988445125
14298085961997
86865904705383
29691322152314
41785856920085
73671862636797
65975281242365
32989763897877
25293176390169
28591841696660
9900012375375
29691248750861
1104034461509
100060141703421
48382915015741
357345862603005
26392675489322
71472659199037
52781069141769
5501992939789
67074725751768
69273647614485
14298046130615
5501990299451
8800593200742
10999511247287
45084519279923
43984951222119
102259071361105
13198681077280
6601477492047
31890309915233
15397704332832
5501983406042
1103906597303
371639513764093
84666895517286
40686482035539
217707791123457
56079609474008
85766322031125
27492328114965
6601665572079
41785876656397
41785836825015
40686472768819
34089336873192
7700976363959
409022909108477
4553825061
49482499662056
2203493358215
63776190868440
54980164964605
50582030411113
270484444008701
56079676592381
178125467275517
63776177288771
4402604647191
37387939298919
50582023701505
79169420775677
14298153528754
6601653342461
31890262472666
41785942034022
8800487991735
6601504567565
4402449073723
36288372540417
54979976358327
3303102542700
4402562968536
1104054168883
54980097846232
37387911801816
45084493196248
58278611805545
16497151955369
92363466711121
43984937820769
141841472703272
6601892983504
214409350992125
1104011806310
21994627525047
14298055686660
40686424859283
28591697291703
128647444025597
72572166954072
65975230667899
49482539707352
24193650780599
12099127984069
26392674576338
18696095339896
31890246156825
70373554424309
62676662961766
61577151333990
19795605128478
69273816125693
248494211453181
63776174589542
12099130783299
6601613122844
7701203999299
4502367666
240797535306753
4402442495772
4402546689638
30790734529049
95662001594449
1104334157546
17596582467114
34089255430583
1103988295730
15397559211562
17596581013943
7701089112401
2203419678250
30790825756262
7700990345753
4402441544453
9900004170840
37387790313911
3303056065665
1104096879436
36288279226322
24193747934824
26392674036151
252892257964285
53880484825621
74771287140244
85766490542333
1103907370071
90164443455569
8800585145960
52781030842977
68174213045864
4394969527
376037560275197
59378211475709
28591846729313
58278616450662
31890318176355
4402639308176
111055160516455
38487423429592
