57179090755431
12099105453240
45084493196248
32989865290712
118751839375613
48383028079576
43984951222119
16497151955369
27492328114965
60477554592277
174826837640193
19795709496509
53880484825621
56079487986103
62676665660995
324360513769725
92363466711121
235299977167873
2203618854170
339753676558589
31890232175031
72572166954072
68174201892963
19795617025359
119851351003389
30790825756262
28591839742741
47283415058965
15397557758391
15397571740185
3303056065665
63776174589542
1103920579097
1104011806310
17596676022353
4402588055072
10999644755311
1104334157546
84666895517286
30790734529049
60477723103485
13198537201016
27492307151832
13198634164883
6601892983504
9900121107416
54979976358327
4402441544453
47283395736663
25293176390169
50582030411113
81368444031229
409022909108477
27492290772933
42885443461201
31890353662936
47283516451800
24193797355040
7701161184042
12099130783299
1103907370071
4402546689638
43984941523176
7700976363959
256190792847613
28591846276711
34089255430583
19795605128478
8800593200742
4402842041120
17596697052937
7701081472965
25293163861546
248494211453181
82467872261734
6601557376781
56079676592381
48382926686741
7701089112401
10999511247287
27492285325971
128647444025597
2203523434086
86865821987901
54980070212609
106657027415128
49482523428454
24193690611981
41785856920085
6601477492047
390331211436285
93462974472039
61577139068841
5502038414573
4402481312013
1104034461509
90164752791457
43984861533738
45084453150952
3302929852855
17596581013943
31890309915233
20895129879065
47283394963895
41785876656397
37387868054113
25293309979955
119851256251393
2203517197154
71472839381245
9900004170840
4402562968536
178125467275517
13198612243041
58278611805545
5501983406042
23094178984205
12099431512659
38487301941687
15397559239278
41785836825015
7701105459805
61577234731261
21994822436111
18696239216160
31890318176355
35188844798561
1104096879436
32989743802807
53880569939558
48382915015741
37387939298919
85766310360125
43984965189573
6601464736183
43984860080567
90164443455569
65975197845094
6601504567565
23094322028243
139642466705489
7701203999299
23094244261829
36288467292413
360644397486333
61577167612888
4402555911278
4553825061
20895258348309
1103928511198
3302981491386
60477655985112
270484444008701
45084472272233
14298153528754
27492187117098
81368352579176
62676662961766
24193650780599
42885453561797
255091281219837
52781030842977
68174213045864
48382988034280
36288360128744
57179019708949
53880464730551
59378211475709
54980071366737
14298055686660
376037560275197
10999525229081
54980164964605
74771186198482
2203493358215
58278616450662
21994749012952
45084519279923
50582118453501
111055073926232
78069909147901
1104013995442
5502058317414
36288372540417
129746860901377
136343931822161
58278605095937
42885445607016
1103906661125
31890415050451
17596594995737
4402442306284
27492282818152
52781069141769
43985048686845
79169420775677
4515604674
3302969684237
86865904705383
64875686217318
75870835317883
141841472703272
69273816125693
49482499662056
96761523422822
26392674576338
2203419678250
93463071936765
70373244356198
39586814109650
56079593195110
27492374270205
14298046130615
111055160516455
13198536631614
14298085961997
2203516452209
95662001594449
1104052757608
10999712083183
240797535306753
31890262472666
21994713526371
9900001072682
64875702496216
2203426933594
28591697291703
36288400174040
12099035630927
31890337284037
112154769608957
6601653342461
71472659199037
57178999613879
2203828932428
8800915551978
23094139152823
28591802500710
73671862636797
85766490542333
83567375834728
6601542239020
38487415174522
58278511241655
232001442284545
24193681078234
30790806548579
30790740642325
31890246156825
6601665291544
9900200351512
32989783634189
35188767598546
1103972998403
25293276519952
4502367666
26392704333786
63776177288771
13198535275607
12099022875063
95662003740264
40686325197239
21994627525047
19795711667634
24193747934824
20220200
15397660374434
4402647655903
72572351009021
78069817695848
217707791123457
4402843037673
5502026524771
10999616356293
4402630086909
32989744342994
70373260635096
3303035061862
21994640280911
65975230667899
1104054168883
5501953172229
2203418225079
26393075511690
13198681077280
13198534502839
85766407145062
4449921794
40686482035539
102259071361105
41785942034022
28591802400709
56079488526290
13198716148563
274882395767809
49482539707352
67074709472870
15397570514255
60371750
58278632729560
7701377160153
15397675357462
27492185663927
30790842035160
4402604647191
56079609474008
65975214123992
8800585145960
70373554424309
40686472768819
3303099688308
3302930625623
28591846729313
34089336873192
13198603052378
62676679240664
31890374626069
12099127984069
71472772262872
1104065091765
28591841696660
38487407050693
308967350980861
46183991244355
85766322031125
9900089630979
18696095339896
50582015848547
37387790313911
4492123752
5501954123548
10999513376062
25293162408375
37387911801816
31890232715218
159433769603325
118751744623617
90164537053437
962110
91263951216487
73671767884801
49482517881491
43984937820769
357345862603005
8800608078416
39586815022634
65975186490369
53880542470753
6601613122844
18696097193048
46183988445125
32989821543009
15397559211562
6601484944924
86865918772838
61577151333990
13198732368177
3303102542700
36288279226322
46184071942397
4402449073723
2203819782121
36288373694545
32989763897877
36288391918970
4402442933802
6601665572079
214409350992125
62676673791753
27492280672337
4500178534
8800694167007
130846373683281
40686413389819
17596582467114
82468171397025
52781099677216
7701153551457
399127304458493
252892257964285
17596769620221
15397704332832
29691248750861
8800487991735
9900012375375
26392779245158
42885426192993
63776190868440
5501990299451
5502044846087
32989837657089
4402599975093
27492586883790
111055257981181
2203438433820
5502067539054
4402455462425
29691358357089
67075008608161
35188888546264
4402552401124
1103909814204
235300071919869
1103988295730
32989748354136
28591698744874
20895128653135
2203448522714
100060141703421
34089376918488
38487423429592
46183996568954
26392675489322
40686424859283
29691208919479
16497151964344
9900000634652
29691391794899
17596678168168
10999599477754
38487490547965
28591737123085
6601492493256
54980097846232
29691351370517
50582023701505
3303129850530
25293257416785
3302930023705
8800527823117
158334164377681
31890272006413
4402442495772
4394969527
26392674036151
19795746720533
24193788812411
17596663592120
69273647614485
52780973197845
19795613825540
1104115823809
79169636513697
7700990345753
4434800909
24193652233770
31890326029313
39586813569463
5501992939789
25293162948562
25293175164239
27492368539347
263887374242045
29691330407384
40686446685144
28591793830820
19795703931539
8800580632333
4402639308176
125348815544401
34089255970770
16497082142031
18696094122606
47283396417066
371639513764093
7701069004557
134145002164477
67074725751768
74771287140244
23094252385658
38487332239322
72572283890648
6601569945190
29691322152314
123149846718049
38487379681889
42885378750426
9900002317688
65975281242365
9900092260109
25293240148577
48383000445953
1103906597303
