4402449073723
1104054168883
248494211453181
26392674576338
139642466705489
409022909108477
3302969684237
30790740642325
40686413389819
4553825061
1104034461509
32989783634189
6601653342461
2203419678250
58278616450662
6601504567565
17596769620221
6601484944924
7701153551457
39586815022634
8800694167007
28591737123085
13198537201016
18696239216160
2203819782121
21994749012952
134145002164477
28591802400709
399127304458493
16497151955369
12099431512659
32989744342994
4402639308176
14298055686660
235299977167873
5502026524771
20895129879065
5501953172229
39586813569463
54980164964605
65975186490369
17596582467114
7701161184042
47283395736663
7701069004557
42885426192993
19795746720533
12099130783299
32989763897877
71472839381245
27492290772933
36288372540417
7701089112401
1104052757608
3302930023705
5501954123548
38487379681889
96761523422822
79169636513697
371639513764093
5501990299451
10999712083183
17596678168168
50582030411113
29691351370517
53880542470753
84666895517286
46183996568954
31890309915233
9900121107416
78069817695848
13198535275607
90164537053437
58278632729560
85766407145062
63776190868440
60477655985112
24193747934824
13198681077280
4449921794
9900089630979
1103907370071
69273647614485
36288400174040
43985048686845
19795605128478
25293176390169
6601569945190
31890246156825
40686424859283
85766322031125
23094322028243
1104334157546
390331211436285
38487301941687
1103909814204
67075008608161
72572351009021
20895258348309
21994822436111
30790842035160
31890326029313
57179019708949
58278605095937
2203523434086
9900004170840
35188888546264
65975230667899
13198612243041
129746860901377
95662001594449
27492280672337
71472659199037
56079593195110
13198536631614
17596581013943
10999616356293
27492285325971
232001442284545
34089255430583
3303035061862
38487423429592
19795709496509
72572283890648
60371750
48383028079576
37387868054113
43984861533738
17596663592120
5501992939789
49482499662056
18696095339896
2203493358215
29691248750861
5502044846087
38487332239322
6601613122844
28591698744874
9900001072682
2203517197154
16497082142031
78069909147901
43984965189573
43984937820769
30790806548579
31890415050451
90164752791457
70373554424309
7700990345753
31890353662936
93463071936765
5502058317414
1103920579097
9900002317688
23094139152823
15397557758391
4402647655903
54980071366737
32989865290712
3303099688308
3303102542700
81368444031229
68174201892963
25293163861546
10999511247287
270484444008701
67074709472870
4402842041120
324360513769725
1104096879436
26392779245158
7701105459805
25293240148577
18696097193048
25293309979955
159433769603325
65975214123992
61577151333990
125348815544401
26392674036151
27492282818152
15397675357462
21994713526371
9900000634652
19795613825540
28591846729313
79169420775677
46184071942397
8800915551978
217707791123457
13198534502839
29691330407384
41785836825015
4402562968536
32989837657089
13198603052378
118751744623617
1103906661125
30790825756262
24193652233770
2203438433820
112154769608957
3303056065665
49482523428454
46183988445125
962110
111055073926232
20220200
46183991244355
43984860080567
1104115823809
40686482035539
111055257981181
36288360128744
31890337284037
10999513376062
41785942034022
48382915015741
2203426933594
56079609474008
9900012375375
27492307151832
81368352579176
15397559239278
7701203999299
24193788812411
61577234731261
75870835317883
82467872261734
64875686217318
41785856920085
4434800909
14298153528754
3302981491386
54979976358327
24193797355040
15397570514255
6601665291544
23094244261829
29691358357089
12099127984069
56079487986103
4402843037673
1103906597303
4502367666
178125467275517
38487415174522
4515604674
73671767884801
29691322152314
18696094122606
42885378750426
32989743802807
31890232175031
47283396417066
57178999613879
47283394963895
27492374270205
4402555911278
36288373694545
25293162408375
37387939298919
1103928511198
21994627525047
252892257964285
9900092260109
65975281242365
53880464730551
30790734529049
39586814109650
9900200351512
4492123752
35188767598546
47283516451800
2203418225079
17596697052937
106657027415128
62676662961766
90164443455569
40686446685144
20895128653135
2203618854170
63776177288771
61577139068841
6601492493256
4402455462425
48382988034280
8800580632333
4394969527
83567375834728
4402441544453
12099022875063
1103988295730
58278611805545
19795711667634
26392704333786
42885453561797
4402552401124
15397571740185
102259071361105
24193690611981
10999599477754
308967350980861
68174213045864
21994640280911
7701377160153
3303129850530
28591793830820
141841472703272
70373244356198
123149846718049
65975187644497
36288279226322
28591839742741
100060141703421
28591846276711
65975197845094
48382926686741
53880484825621
4402604647191
7701081472965
62676665660995
130846373683281
3302929852855
4402546689638
86865918772838
8800527823117
7700976363959
49482539707352
1104013995442
1104011806310
1104065091765
136343931822161
95662003740264
263887374242045
53880569939558
67074725751768
82468171397025
63776174589542
17596594995737
25293162948562
47283415058965
5501983406042
214409350992125
17596676022353
34089376918488
37387911801816
14298085961997
4402630086909
71472772262872
13198634164883
64875702496216
128647444025597
10999525229081
1103972998403
8800608078416
60477723103485
4402442933802
62676673791753
8800487991735
40686325197239
36288467292413
45084472272233
56079488526290
52781069141769
15397704332832
8800593200742
2203516452209
24193681078234
5502067539054
27492187117098
274882395767809
27492185663927
158334164377681
2203828932428
27492586883790
10999644755311
6601542239020
72572166954072
54980097846232
45084453150952
38487490547965
60477554592277
27492328114965
4402442306284
256190792847613
91263951216487
15397559211562
34089255970770
6601477492047
6601464736183
5502038414573
28591802500710
235300071919869
4402481312013
42885445607016
31890262472666
27492368539347
339753676558589
12099035630927
14298046130615
119851256251393
29691391794899
86865821987901
13198732368177
13198716148563
357345862603005
43984951222119
28591841696660
360644397486333
45084519279923
4402599975093
174826837640193
85766490542333
54980070212609
4402588055072
73671862636797
92363466711121
32989821543009
19795617025359
15397660374434
37387790313911
6601665572079
31890232715218
31890318176355
38487407050693
48383000445953
43984941523176
4500178534
29691208919479
2203448522714
24193650780599
19795703931539
40686472768819
8800585145960
26393075511690
62676679240664
50582118453501
31890272006413
49482517881491
26392675489322
6601557376781
4402442495772
74771287140244
376037560275197
50582023701505
118751839375613
31890374626069
111055160516455
69273816125693
32989748354136
86865904705383
56079676592381
6601892983504
42885443461201
25293276519952
85766310360125
255091281219837
23094252385658
23094178984205
45084493196248
34089336873192
35188844798561
41785876656397
36288391918970
25293175164239
12099105453240
119851351003389
59378211475709
240797535306753
52780973197845
50582015848547
52781030842977
57179090755431
28591697291703
25293257416785
61577167612888
16497151964344
3302930625623
