6601569945190
32989744342994
81368352579176
24193681078234
58278605095937
42885443461201
31890374626069
30790842035160
70373260635096
12099130783299
409022909108477
240797535306753
61577151333990
17596678168168
41785942034022
53880464730551
43984941523176
10999525229081
3302929852855
28591839742741
63776190868440
5501983406042
28591697291703
43984951222119
1103907370071
9900012375375
4402481312013
9900200351512
45084472272233
57178999613879
29691330407384
31890232175031
19795703931539
45084519279923
14298055686660
26393075511690
47283394963895
52781099677216
40686413389819
158334164377681
25293176390169
57179019708949
26392675489322
2203618854170
5501954123548
7701069004557
54980071366737
263887374242045
65975186490369
73671767884801
36288360128744
83567375834728
3302981491386
64875686217318
357345862603005
21994749012952
3303035061862
42885445607016
8800915551978
1103972998403
26392779245158
1104052757608
360644397486333
82467872261734
174826837640193
9900002317688
274882395767809
32989763897877
6601504567565
252892257964285
371639513764093
79169420775677
10999513376062
16497082142031
54980097846232
15397559239278
56079676592381
50582118453501
9900121107416
20895129879065
43984937820769
58278632729560
125348815544401
96761523422822
4402552401124
38487407050693
64875702496216
4402647655903
2203828932428
8800527823117
56079488526290
72572351009021
46183996568954
46183991244355
48382915015741
78069909147901
26392674576338
6601892983504
4449921794
3302930023705
106657027415128
15397704332832
49482523428454
78069817695848
84666895517286
8800593200742
1103988295730
50582015848547
1103909814204
15397570514255
8800608078416
18696095339896
270484444008701
63776174589542
60477655985112
24193652233770
118751839375613
41785876656397
68174201892963
27492368539347
35188888546264
32989865290712
73671862636797
21994627525047
1104013995442
255091281219837
86865821987901
62676679240664
52780973197845
47283516451800
18696097193048
62676665660995
32989743802807
25293276519952
1103906597303
2203418225079
75870835317883
7700976363959
12099105453240
43984860080567
35188844798561
15397660374434
28591802400709
19795617025359
39586813569463
26392674036151
60477554592277
70373244356198
71472772262872
23094322028243
26392704333786
128647444025597
1104334157546
8800487991735
1104054168883
17596769620221
28591841696660
41785836825015
3303129850530
17596581013943
93463071936765
27492187117098
24193788812411
13198716148563
232001442284545
235299977167873
10999511247287
27492374270205
69273647614485
9900092260109
136343931822161
28591846729313
8800694167007
21994822436111
28591737123085
49482499662056
27492290772933
5501990299451
6601613122844
17596697052937
60477723103485
4402588055072
14298085961997
29691351370517
28591698744874
85766310360125
4492123752
58278611805545
19795711667634
48383000445953
50582023701505
45084453150952
123149846718049
30790806548579
35188767598546
5502044846087
58278511241655
58278616450662
56079593195110
3302969684237
90164752791457
43985048686845
5502067539054
39586815022634
7701203999299
47283395736663
36288372540417
4402442495772
49482517881491
1103920579097
5501992939789
59378211475709
12099431512659
31890353662936
45084493196248
95662001594449
42885426192993
256190792847613
4402842041120
8800585145960
7701161184042
56079609474008
27492586883790
6601484944924
4402449073723
27492280672337
34089255430583
1104096879436
23094244261829
40686482035539
34089336873192
92363466711121
67074725751768
61577167612888
43984965189573
10999616356293
38487332239322
34089255970770
18696094122606
90164537053437
6601653342461
74771287140244
10999712083183
2203493358215
119851351003389
43984861533738
2203516452209
20895258348309
15397559211562
119851256251393
6601665572079
29691391794899
111055160516455
12099022875063
65975214123992
5502038414573
4402555911278
86865918772838
48382988034280
4402441544453
2203419678250
19795613825540
27492307151832
6601492493256
17596594995737
39586814109650
53880569939558
57179090755431
79169636513697
390331211436285
13198534502839
82468171397025
139642466705489
15397571740185
74771186198482
962110
37387868054113
31890337284037
13198537201016
70373554424309
31890415050451
1104034461509
72572166954072
4394969527
235300071919869
27492282818152
5502026524771
20895128653135
111055073926232
10999599477754
24193690611981
4402546689638
178125467275517
3303056065665
25293240148577
9900089630979
61577139068841
324360513769725
9900004170840
7700990345753
65975281242365
7701377160153
19795746720533
13198612243041
4402442306284
65975187644497
1104011806310
25293257416785
28591802500710
8800580632333
16497151955369
14298153528754
17596663592120
31890326029313
36288279226322
41785856920085
36288391918970
1103906661125
2203448522714
28591846276711
37387790313911
21994713526371
23094139152823
1104115823809
2203517197154
129746860901377
13198732368177
4402599975093
14298046130615
4553825061
10999644755311
85766407145062
60371750
38487415174522
67075008608161
85766322031125
112154769608957
2203523434086
19795605128478
65975197845094
32989783634189
4402455462425
30790825756262
339753676558589
23094252385658
159433769603325
23094178984205
21994640280911
6601464736183
2203819782121
86865904705383
62676662961766
13198536631614
25293162948562
31890232715218
7701089112401
141841472703272
54979976358327
2203426933594
308967350980861
36288400174040
118751744623617
376037560275197
248494211453181
40686472768819
399127304458493
15397557758391
20220200
9900000634652
7701081472965
4402562968536
100060141703421
29691358357089
16497151964344
63776177288771
4402604647191
54980164964605
4434800909
56079487986103
30790740642325
40686424859283
46184071942397
37387911801816
13198634164883
24193797355040
7701153551457
95662003740264
3303099688308
13198603052378
18696239216160
3303102542700
31890246156825
17596582467114
30790734529049
34089376918488
29691208919479
32989748354136
12099035630927
49482539707352
53880484825621
62676673791753
47283396417066
38487423429592
13198681077280
53880542470753
25293162408375
61577234731261
48382926686741
46183988445125
42885453561797
71472659199037
68174213045864
38487490547965
4502367666
65975230667899
7701105459805
29691248750861
52781030842977
38487379681889
130846373683281
12099127984069
71472839381245
214409350992125
25293309979955
17596676022353
6601542239020
48383028079576
31890262472666
27492328114965
38487301941687
25293163861546
85766490542333
47283415058965
2203438433820
5502058317414
40686325197239
6601665291544
32989837657089
27492285325971
37387939298919
90164443455569
27492185663927
3302930625623
24193747934824
32989821543009
28591793830820
72572283890648
4515604674
31890309915233
6601477492047
217707791123457
24193650780599
67074709472870
91263951216487
9900001072682
42885378750426
36288467292413
4402639308176
4402843037673
50582030411113
81368444031229
15397675357462
36288373694545
54980070212609
31890272006413
6601557376781
19795709496509
4500178534
134145002164477
31890318176355
5501953172229
1103928511198
1104065091765
4402442933802
29691322152314
102259071361105
69273816125693
93462974472039
25293175164239
111055257981181
40686446685144
13198535275607
52781069141769
