35188767598546
12099105453240
4402555911278
27492290772933
16497082142031
339753676558589
4553825061
28591846276711
61577151333990
69273816125693
72572166954072
24193650780599
248494211453181
57179090755431
10999525229081
129746860901377
4402449073723
4402599975093
128647444025597
35188888546264
141841472703272
118751839375613
7701377160153
34089376918488
8800593200742
21994713526371
15397570514255
6601484944924
26392674036151
37387868054113
7701089112401
123149846718049
29691248750861
53880464730551
1103988295730
119851256251393
62676665660995
27492187117098
67074709472870
24193681078234
18696095339896
45084493196248
54980097846232
4402442306284
38487407050693
10999511247287
158334164377681
6601492493256
5502058317414
58278605095937
49482523428454
75870835317883
90164537053437
6601665572079
31890262472666
28591793830820
54980071366737
57178999613879
52780973197845
50582015848547
31890415050451
4402552401124
5501983406042
32989865290712
2203418225079
2203523434086
14298085961997
1104096879436
86865821987901
31890246156825
45084472272233
4449921794
79169420775677
3303099688308
9900121107416
47283394963895
256190792847613
20895129879065
23094252385658
13198732368177
93463071936765
5501990299451
9900001072682
61577234731261
25293257416785
4402455462425
5501953172229
9900000634652
42885443461201
14298046130615
25293240148577
43984965189573
235300071919869
13198634164883
26392704333786
7700990345753
36288279226322
37387790313911
49482517881491
48382915015741
2203419678250
56079593195110
36288391918970
65975230667899
139642466705489
31890337284037
47283415058965
36288373694545
6601557376781
17596697052937
20895258348309
43984941523176
67074725751768
67075008608161
4502367666
72572351009021
30790825756262
95662003740264
65975281242365
3302969684237
29691330407384
1103907370071
36288400174040
32989763897877
38487301941687
50582030411113
4402442495772
102259071361105
4394969527
18696239216160
60371750
1104065091765
6601613122844
50582023701505
26392675489322
7701081472965
30790734529049
17596769620221
36288360128744
46183988445125
48383000445953
73671862636797
28591846729313
53880484825621
4402842041120
41785856920085
28591802500710
25293163861546
12099130783299
6601653342461
58278611805545
31890318176355
27492285325971
8800694167007
13198536631614
31890232175031
4402562968536
2203448522714
32989744342994
111055257981181
7701069004557
15397559239278
21994822436111
19795746720533
2203819782121
4402630086909
23094322028243
45084453150952
91263951216487
28591839742741
3303056065665
217707791123457
4402546689638
60477554592277
15397571740185
48382988034280
1104011806310
962110
78069909147901
34089336873192
72572283890648
63776190868440
92363466711121
6601477492047
4402639308176
3302929852855
4402441544453
8800585145960
3302930023705
308967350980861
31890309915233
49482499662056
2203438433820
12099035630927
274882395767809
43984937820769
39586815022634
70373244356198
27492368539347
3303129850530
17596678168168
112154769608957
5501992939789
263887374242045
1104052757608
56079487986103
18696097193048
15397675357462
235299977167873
1103906661125
31890353662936
38487332239322
240797535306753
28591698744874
53880569939558
2203516452209
14298055686660
24193788812411
7701105459805
4434800909
9900200351512
19795703931539
38487415174522
111055160516455
17596581013943
42885445607016
40686446685144
390331211436285
46184071942397
1104054168883
79169636513697
34089255430583
31890272006413
48382926686741
21994627525047
56079609474008
10999599477754
40686472768819
53880542470753
26393075511690
9900089630979
90164443455569
58278616450662
130846373683281
42885378750426
54980164964605
4402588055072
85766322031125
15397660374434
13198716148563
39586813569463
60477655985112
41785836825015
85766407145062
47283395736663
41785942034022
40686424859283
48383028079576
56079676592381
62676679240664
24193690611981
17596594995737
136343931822161
13198603052378
252892257964285
41785876656397
32989743802807
95662001594449
83567375834728
60477723103485
96761523422822
4402647655903
28591737123085
43984951222119
409022909108477
61577139068841
43984860080567
19795711667634
357345862603005
21994749012952
4515604674
46183996568954
36288467292413
118751744623617
74771287140244
73671767884801
7701203999299
9900002317688
78069817695848
28591841696660
23094244261829
90164752791457
32989783634189
42885453561797
29691208919479
5502026524771
49482539707352
37387911801816
82467872261734
13198612243041
27492282818152
13198534502839
32989837657089
19795613825540
6601504567565
86865904705383
1103909814204
19795617025359
59378211475709
6601542239020
31890374626069
31890232715218
15397557758391
27492586883790
43985048686845
1103928511198
4500178534
2203618854170
28591697291703
8800608078416
63776177288771
2203426933594
26392674576338
71472772262872
29691351370517
32989821543009
4402442933802
399127304458493
13198537201016
214409350992125
65975214123992
3302981491386
3303035061862
20220200
15397559211562
70373554424309
1104334157546
38487423429592
100060141703421
270484444008701
15397704332832
25293309979955
43984861533738
16497151955369
10999712083183
37387939298919
23094139152823
52781030842977
21994640280911
6601892983504
376037560275197
10999644755311
12099431512659
27492307151832
17596676022353
30790740642325
13198681077280
7700976363959
12099022875063
360644397486333
81368352579176
27492185663927
25293162408375
27492374270205
7701161184042
9900012375375
24193747934824
29691322152314
232001442284545
8800915551978
50582118453501
27492280672337
134145002164477
6601665291544
25293276519952
18696094122606
86865918772838
9900004170840
56079488526290
65975187644497
6601569945190
8800580632333
64875686217318
5502044846087
2203828932428
25293176390169
65975186490369
71472659199037
52781069141769
36288372540417
1103972998403
34089255970770
4402481312013
5502038414573
119851351003389
47283396417066
1103906597303
106657027415128
4402843037673
82468171397025
14298153528754
10999616356293
30790842035160
12099127984069
27492328114965
25293175164239
7701153551457
71472839381245
25293162948562
58278632729560
84666895517286
68174201892963
54979976358327
32989748354136
6601464736183
40686482035539
2203493358215
19795709496509
42885426192993
40686413389819
24193652233770
45084519279923
3303102542700
17596663592120
1104115823809
371639513764093
85766490542333
5502067539054
13198535275607
38487379681889
63776174589542
62676673791753
69273647614485
23094178984205
3302930625623
324360513769725
4492123752
64875702496216
178125467275517
125348815544401
65975197845094
1104034461509
20895128653135
10999513376062
54980070212609
26392779245158
16497151964344
47283516451800
255091281219837
8800487991735
111055073926232
39586814109650
24193797355040
4402604647191
61577167612888
85766310360125
57179019708949
31890326029313
8800527823117
38487490547965
17596582467114
81368444031229
29691358357089
46183991244355
29691391794899
1104013995442
174826837640193
2203517197154
40686325197239
1103920579097
5501954123548
159433769603325
19795605128478
68174213045864
35188844798561
30790806548579
28591802400709
9900092260109
62676662961766
