128647444025597
54980097846232
27492374270205
255091281219837
10999712083183
15397660374434
36288279226322
49482539707352
26392674576338
2203618854170
13198681077280
8800527823117
324360513769725
3303102542700
56079487986103
1104334157546
29691358357089
12099022875063
19795711667634
61577151333990
49482499662056
31890415050451
8800593200742
43984937820769
6601504567565
75870835317883
65975186490369
4402630086909
28591846729313
7700976363959
1104115823809
5502038414573
56079593195110
41785876656397
274882395767809
60477655985112
256190792847613
81368352579176
13198612243041
38487407050693
52781069141769
390331211436285
13198534502839
46183996568954
61577167612888
35188888546264
31890262472666
6601492493256
90164752791457
111055073926232
29691330407384
25293176390169
962110
45084493196248
85766322031125
4402555911278
24193797355040
19795605128478
38487415174522
4434800909
118751744623617
14298153528754
38487490547965
31890337284037
1103972998403
399127304458493
2203448522714
27492328114965
6601665572079
45084453150952
13198535275607
71472659199037
6601464736183
100060141703421
49482517881491
81368444031229
6601892983504
56079488526290
32989743802807
56079609474008
31890232715218
308967350980861
42885443461201
25293257416785
27492185663927
34089255430583
3303035061862
70373244356198
3303056065665
8800608078416
217707791123457
30790740642325
10999511247287
21994749012952
9900012375375
119851351003389
371639513764093
21994640280911
13198634164883
32989748354136
178125467275517
86865821987901
37387790313911
5501983406042
28591839742741
6601557376781
78069909147901
20220200
95662003740264
19795746720533
125348815544401
10999599477754
35188844798561
18696094122606
38487332239322
16497082142031
5501953172229
9900092260109
58278605095937
52781030842977
32989837657089
3303099688308
7701161184042
36288391918970
26392675489322
43985048686845
28591846276711
339753676558589
18696095339896
2203523434086
4402604647191
3302930023705
27492368539347
29691391794899
86865904705383
112154769608957
2203516452209
5502044846087
67075008608161
130846373683281
79169420775677
14298085961997
53880464730551
4402647655903
27492307151832
31890232175031
36288360128744
36288467292413
43984951222119
84666895517286
69273647614485
47283395736663
4492123752
8800694167007
36288400174040
25293163861546
64875686217318
9900002317688
56079676592381
40686413389819
360644397486333
235300071919869
31890309915233
5501992939789
69273816125693
65975214123992
2203493358215
71472839381245
19795703931539
15397704332832
24193747934824
9900001072682
1103920579097
48382926686741
13198603052378
5501990299451
111055257981181
21994822436111
30790806548579
20895128653135
52780973197845
30790825756262
270484444008701
26393075511690
7701105459805
43984861533738
376037560275197
16497151964344
6601653342461
2203419678250
3302930625623
28591793830820
82467872261734
26392704333786
50582118453501
1104054168883
40686424859283
1104065091765
23094178984205
53880569939558
13198732368177
41785856920085
10999616356293
2203438433820
62676679240664
38487423429592
12099035630927
32989821543009
58278611805545
90164537053437
25293162948562
106657027415128
95662001594449
10999525229081
72572351009021
4449921794
62676673791753
57179090755431
17596582467114
53880542470753
46183988445125
65975187644497
47283516451800
47283394963895
82468171397025
4402842041120
27492282818152
43984941523176
17596676022353
65975281242365
57178999613879
48382915015741
4402481312013
63776190868440
20895258348309
27492285325971
27492280672337
83567375834728
60477723103485
6601542239020
4502367666
25293175164239
38487379681889
53880484825621
4553825061
41785836825015
59378211475709
37387911801816
32989763897877
158334164377681
7701153551457
136343931822161
68174201892963
15397571740185
2203819782121
64875702496216
31890374626069
28591697291703
9900004170840
18696097193048
134145002164477
23094252385658
4500178534
9900000634652
65975197845094
28591841696660
4394969527
4402442495772
4402442306284
25293309979955
3303129850530
36288372540417
2203828932428
38487301941687
7701069004557
1104011806310
4402639308176
40686446685144
1103988295730
34089255970770
111055160516455
40686482035539
13198716148563
63776174589542
12099105453240
1104034461509
9900200351512
263887374242045
28591802400709
42885445607016
54979976358327
7701081472965
31890318176355
92363466711121
61577139068841
1103906597303
2203517197154
10999644755311
232001442284545
49482523428454
4402449073723
17596581013943
119851256251393
235299977167873
7701203999299
6601665291544
6601569945190
90164443455569
19795613825540
19795709496509
3302969684237
25293162408375
58278632729560
12099130783299
8800580632333
15397559211562
71472772262872
26392779245158
68174213045864
6601613122844
240797535306753
8800487991735
40686472768819
67074709472870
9900121107416
4402843037673
139642466705489
19795617025359
40686325197239
65975230667899
248494211453181
72572166954072
85766407145062
31890272006413
39586815022634
27492586883790
42885426192993
37387868054113
26392674036151
7701089112401
5502058317414
25293240148577
27492290772933
45084519279923
10999513376062
1103907370071
63776177288771
18696239216160
1103928511198
62676665660995
24193652233770
86865918772838
34089336873192
50582015848547
1104013995442
67074725751768
1103906661125
28591698744874
35188767598546
20895129879065
13198537201016
48383028079576
21994627525047
46183991244355
4402599975093
15397557758391
5501954123548
102259071361105
12099127984069
5502026524771
123149846718049
70373554424309
24193681078234
3302981491386
61577234731261
72572283890648
1104096879436
4402455462425
24193650780599
60371750
85766310360125
34089376918488
17596678168168
41785942034022
42885378750426
6601477492047
73671767884801
1104052757608
252892257964285
45084472272233
129746860901377
29691248750861
15397570514255
9900089630979
31890246156825
17596769620221
5502067539054
174826837640193
54980070212609
17596594995737
54980164964605
4402441544453
37387939298919
23094322028243
32989783634189
7700990345753
39586814109650
2203426933594
4515604674
29691322152314
43984965189573
57179019708949
29691208919479
46184071942397
47283396417066
17596663592120
31890326029313
13198536631614
58278616450662
24193690611981
118751839375613
409022909108477
93463071936765
4402442933802
1103909814204
2203418225079
15397559239278
36288373694545
30790734529049
50582030411113
7701377160153
16497151955369
8800915551978
4402588055072
14298055686660
78069817695848
3302929852855
15397675357462
17596697052937
357345862603005
47283415058965
21994713526371
29691351370517
91263951216487
159433769603325
4402552401124
30790842035160
73671862636797
4402562968536
32989865290712
62676662961766
39586813569463
14298046130615
214409350992125
25293276519952
42885453561797
32989744342994
12099431512659
27492187117098
28591737123085
4402546689638
79169636513697
48383000445953
31890353662936
141841472703272
23094244261829
50582023701505
74771287140244
96761523422822
23094139152823
54980071366737
28591802500710
24193788812411
43984860080567
85766490542333
48382988034280
60477554592277
8800585145960
6601484944924
