36288467292413
71472772262872
37387911801816
65975197845094
79169636513697
48382926686741
91263951216487
1104034461509
71472659199037
15397570514255
31890262472666
63776174589542
308967350980861
102259071361105
92363466711121
118751839375613
23094178984205
123149846718049
962110
42885445607016
399127304458493
62676679240664
36288372540417
59378211475709
1104011806310
36288391918970
235299977167873
58278616450662
75870835317883
4402546689638
15397559211562
73671767884801
61577234731261
270484444008701
53880542470753
8800585145960
57179090755431
18696097193048
6601477492047
61577151333990
7700976363959
390331211436285
86865821987901
111055160516455
3303129850530
1104054168883
52781030842977
3302930625623
5501990299451
26392674576338
256190792847613
60477723103485
18696094122606
47283516451800
106657027415128
30790740642325
125348815544401
31890246156825
28591793830820
1103907370071
4402442306284
42885426192993
31890337284037
4402842041120
2203517197154
83567375834728
65975187644497
4402455462425
81368444031229
112154769608957
13198634164883
6601542239020
25293240148577
324360513769725
6601492493256
376037560275197
3302969684237
29691330407384
360644397486333
16497151955369
18696095339896
23094244261829
70373554424309
29691208919479
16497151964344
9900121107416
30790734529049
49482523428454
7701105459805
12099130783299
15397675357462
46183988445125
31890232715218
31890353662936
10999525229081
62676662961766
85766407145062
5501953172229
2203438433820
29691351370517
100060141703421
25293162408375
49482517881491
1103906661125
62676673791753
29691248750861
2203516452209
30790842035160
34089255430583
39586813569463
159433769603325
63776190868440
45084472272233
53880569939558
32989821543009
19795605128478
84666895517286
27492368539347
31890232175031
27492282818152
6601464736183
3302981491386
48383000445953
35188767598546
13198534502839
61577139068841
28591839742741
58278605095937
17596663592120
339753676558589
32989748354136
1103906597303
27492374270205
35188888546264
8800527823117
4553825061
371639513764093
4402449073723
42885378750426
9900089630979
8800593200742
13198536631614
19795746720533
9900200351512
23094322028243
36288400174040
90164537053437
27492586883790
23094139152823
15397704332832
27492307151832
17596678168168
20895258348309
8800694167007
7701081472965
28591697291703
32989865290712
49482499662056
32989743802807
82467872261734
65975214123992
36288360128744
5501954123548
232001442284545
14298153528754
12099022875063
1103920579097
19795709496509
12099105453240
25293309979955
25293162948562
10999599477754
2203523434086
4402604647191
72572283890648
46183996568954
90164752791457
19795711667634
20895128653135
48382988034280
72572351009021
158334164377681
78069817695848
4402555911278
37387939298919
27492285325971
40686472768819
7701089112401
7701203999299
61577167612888
4402599975093
129746860901377
31890309915233
1104096879436
49482539707352
4402481312013
214409350992125
25293276519952
17596697052937
252892257964285
48383028079576
9900002317688
5501992939789
119851256251393
34089376918488
134145002164477
4449921794
21994627525047
4402647655903
93463071936765
7701069004557
78069909147901
26392675489322
32989744342994
82468171397025
72572166954072
29691391794899
32989837657089
54980097846232
13198612243041
38487301941687
5502026524771
95662003740264
48382915015741
21994640280911
31890326029313
5502058317414
15397559239278
4402552401124
58278632729560
57179019708949
36288373694545
4502367666
24193650780599
85766310360125
10999644755311
56079487986103
6601484944924
68174201892963
4402630086909
58278611805545
40686446685144
43985048686845
34089255970770
69273647614485
42885453561797
17596594995737
54979976358327
25293175164239
1104052757608
26392704333786
38487423429592
85766490542333
64875702496216
1104334157546
37387868054113
25293257416785
41785856920085
43984861533738
65975186490369
23094252385658
274882395767809
64875686217318
19795703931539
3303099688308
8800608078416
1104065091765
86865918772838
40686424859283
6601665572079
30790806548579
2203493358215
10999712083183
7700990345753
4402442495772
14298055686660
139642466705489
50582030411113
42885443461201
21994749012952
37387790313911
128647444025597
25293176390169
90164443455569
6601653342461
15397557758391
14298046130615
2203426933594
16497082142031
8800487991735
25293163861546
60477655985112
111055257981181
7701377160153
47283396417066
68174213045864
71472839381245
3303102542700
3303056065665
6601557376781
1103909814204
20220200
4515604674
2203418225079
263887374242045
46183991244355
56079488526290
45084493196248
39586814109650
18696239216160
28591841696660
53880484825621
6601504567565
52781069141769
56079609474008
4402562968536
38487332239322
136343931822161
63776177288771
54980070212609
27492280672337
12099127984069
38487415174522
10999513376062
26392674036151
67074725751768
65975230667899
20895129879065
21994822436111
9900001072682
74771287140244
2203419678250
3303035061862
60371750
36288279226322
96761523422822
119851351003389
24193690611981
73671862636797
56079676592381
4402588055072
53880464730551
45084453150952
17596581013943
26393075511690
60477554592277
95662001594449
13198603052378
13198681077280
248494211453181
13198535275607
47283395736663
56079593195110
43984937820769
12099431512659
40686482035539
85766322031125
65975281242365
31890272006413
118751744623617
24193797355040
43984951222119
5502044846087
2203618854170
4402442933802
4394969527
8800580632333
240797535306753
4492123752
24193652233770
27492290772933
17596769620221
69273816125693
19795617025359
4402843037673
41785876656397
31890318176355
17596676022353
13198537201016
67074709472870
38487490547965
15397571740185
9900092260109
54980071366737
29691322152314
28591846729313
5502067539054
45084519279923
28591737123085
24193788812411
111055073926232
31890374626069
2203828932428
67075008608161
28591802500710
35188844798561
9900000634652
39586815022634
5502038414573
54980164964605
34089336873192
13198732368177
12099035630927
32989763897877
38487379681889
174826837640193
235300071919869
24193681078234
7701153551457
47283394963895
38487407050693
255091281219837
3302930023705
26392779245158
21994713526371
86865904705383
4402441544453
10999616356293
1104013995442
40686413389819
7701161184042
47283415058965
40686325197239
130846373683281
1103988295730
46184071942397
43984941523176
13198716148563
31890415050451
43984860080567
27492185663927
1103972998403
15397660374434
41785836825015
6601613122844
41785942034022
32989783634189
4500178534
6601892983504
357345862603005
1103928511198
29691358357089
30790825756262
43984965189573
79169420775677
1104115823809
17596582467114
24193747934824
27492328114965
50582015848547
70373244356198
14298085961997
217707791123457
141841472703272
4402639308176
10999511247287
19795613825540
5501983406042
409022909108477
6601665291544
57178999613879
81368352579176
178125467275517
27492187117098
28591802400709
50582023701505
28591846276711
6601569945190
2203448522714
8800915551978
28591698744874
3302929852855
2203819782121
9900012375375
9900004170840
4434800909
50582118453501
52780973197845
62676665660995
