101159569933926
76970209454034
37387911801816
431013141663997
7701203999299
36288386594371
96761523422822
416719490502909
74771186198482
28591799907746
64875581548498
52781099677216
93462974472039
58278616450662
31890415050451
27492368539347
111055160516455
9900000634652
25293276519952
123149846718049
29691391794899
72572283890648
70373260635096
19795605128478
75870835317883
63776177288771
43984965189573
41785876656397
71472772262872
409022909108477
3303035061862
62676665660995
1104096879436
4402639308176
67074725751768
68174201892963
141841472703272
68174237379544
53880692186134
47283396417066
91263951216487
1103988295730
274882395767809
58278511241655
40686413389819
46183988445125
70373554424309
49482499662056
390331211436285
399127304458493
21994822436111
57178999613879
65975214123992
56079487986103
48382988034280
42885453561797
62676662961766
64875702496216
45084453150952
54979976358327
19795711667634
86865904705383
43984941523176
158334164377681
53880464730551
52780953102775
61577139068841
136343931822161
118751744623617
240797535306753
235299977167873
232001442284545
32989748354136
13198603052378
7701153551457
79169420775677
376037560275197
60477723103485
93463071936765
134145002164477
38487490547965
214409350992125
50581929847223
16497151964344
62676673791753
371639513764093
65975230667899
217707791123457
9900004170840
37387939298919
174826837640193
63776190868440
13198716148563
45084519279923
40686472768819
40686482035539
92363466711121
139642466705489
360644397486333
252892257964285
256190792847613
21994749012952
38487407050693
308967350980861
159433769603325
357345862603005
129746860901377
130846373683281
90164443455569
7701161184042
46183996568954
125348815544401
47283394963895
111055073926232
52781069141769
49482517881491
57179090755431
10999644755311
339753676558589
78069909147901
13198612243041
17596663592120
36288360128744
28591846276711
36288467292413
34089336873192
40686424859283
74771287140244
62676679240664
58278632729560
31890246156825
61577167612888
90164752791457
30790825756262
31890353662936
60477655985112
324360513769725
106657027415128
86865918772838
86865821987901
18696097193048
56079488526290
43984951222119
14298153528754
65975281242365
46184071942397
270484444008701
43984860080567
23094322028243
85766407145062
82467872261734
84666895517286
1104115823809
64875686217318
42885378750426
102259071361105
10999712083183
67074709472870
56079609474008
63776174589542
65975197845094
70373244356198
13198732368177
18696094122606
15397559239278
30790734529049
54980097846232
82468171397025
26393075511690
14298252305887
19795709496509
85766322031125
1104054168883
263887374242045
4402647655903
119851256251393
6601665291544
255091281219837
49482539707352
38487332239322
48383028079576
39586813569463
41785836825015
40686325197239
12099105453240
31890337284037
47283395736663
95662001594449
50582015848547
52781030842977
47283516451800
53880542470753
25293176390169
3303129850530
72572166954072
248494211453181
49482523428454
235300071919869
31890318176355
61577151333990
85766310360125
38487301941687
71472659199037
7701105459805
59378211475709
5502067539054
68174213045864
24193747934824
17596678168168
27492282818152
78069817695848
83567375834728
72572351009021
20895129879065
4402555911278
9900092260109
43984861533738
6601653342461
81368444031229
27492374270205
71472839381245
17596769620221
73671862636797
4402630086909
65975187644497
100060141703421
118751839375613
56079676592381
12099130783299
46183991244355
4402562968536
17596697052937
60477554592277
28591802400709
27492290772933
45084493196248
25293309979955
112154769608957
178125467275517
48382915015741
31890262472666
79169636513697
128647444025597
43985048686845
6601542239020
119851351003389
61577234731261
54980164964605
111055257981181
73671767884801
54980071366737
29691358357089
31890374626069
30790806548579
2203426933594
69273647614485
9900121107416
15397660374434
40686446685144
4402455462425
24193797355040
23094244261829
12099127984069
4402441544453
2203828932428
38487415174522
18696239216160
12099431512659
27492285325971
54980070212609
81368352579176
95662003740264
8800608078416
26392704333786
37387790313911
65975186490369
1104013995442
4553825061
67075008608161
28591846729313
28591737123085
32989783634189
9900200351512
42885443461201
25293240148577
57179019708949
29691248750861
6601504567565
31890272006413
4402449073723
41785942034022
10999599477754
36288391918970
2203493358215
5501953172229
58278605095937
24193681078234
50582023701505
2203448522714
53880484825621
48383000445953
4402604647191
5501983406042
18696156101211
6601613122844
1103907370071
15397675357462
6601484944924
24193690611981
3303056065665
1104034461509
10999616356293
58278611805545
50582030411113
45084472272233
52780973197845
6601464736183
34089255430583
38487423429592
15397704332832
13198681077280
9900001072682
3302930625623
85766490542333
16497151955369
53880569939558
39586815022634
32989743802807
4402843037673
29691351370517
4402481312013
8800527823117
4434800909
3302969684237
5501992939789
14298085961997
23094178984205
39586814109650
4502367666
8800694167007
19795703931539
1103909814204
4402546689638
5502058317414
2203523434086
56079593195110
4500178534
6601569945190
28591802500710
26392779245158
8800593200742
1104011806310
32989865290712
13198535275607
28591793830820
50582118453501
90164537053437
7701081472965
25293175164239
4492123752
2203517197154
17596594995737
21994713526371
5502026524771
48382926686741
8800585145960
42885445607016
43984937820769
36288372540417
13198536631614
29691322152314
8800580632333
42885426192993
47283415058965
7701089112401
2203438433820
10999513376062
36288373694545
32989837657089
38487379681889
3303099688308
27492280672337
18696095339896
7700990345753
2203516452209
5502038414573
1104052757608
25293257416785
1103920579097
15397571740185
5501990299451
5502044846087
31890232175031
69273816125693
2203618854170
1103972998403
17596676022353
31890326029313
37387868054113
19795613825540
36288279226322
2203819782121
4402842041120
1103906661125
21994640280911
41785856920085
4515604674
14298055686660
6601557376781
7701069004557
24193788812411
27492586883790
35188844798561
20895128653135
13198537201016
7701377160153
23094252385658
19795617025359
16497082142031
4449921794
10999525229081
4402442306284
3303102542700
3302930023705
28591839742741
6601492493256
28591698744874
29691208919479
36288400174040
15397570514255
32989821543009
13198634164883
34089376918488
35188888546264
27492187117098
32989763897877
1103928511198
31890309915233
27492328114965
9900002317688
9900089630979
26392675489322
21994627525047
3302981491386
30790740642325
30790842035160
19795746720533
8800915551978
35188767598546
12099035630927
1104334157546
34089255970770
4402442495772
5501954123548
28591841696660
20895258348309
1104065091765
4402552401124
4402588055072
32989744342994
6601477492047
25293163861546
9900012375375
26392674576338
29691330407384
6601665572079
17596581013943
25293162948562
6601892983504
31890232715218
27492307151832
4402442933802
24193650780599
15397557758391
14298046130615
13198534502839
7700976363959
8800487991735
10999511247287
12099022875063
28591697291703
2203419678250
24193652233770
4402599975093
15397559211562
17596582467114
2203418225079
3302929852855
27492185663927
23094139152823
4394969527
25293162408375
1103906597303
26392674036151
