54979976358327
25293240148577
25293162408375
35188888546264
4502367666
24193797355040
111055160516455
27492280672337
32989763897877
26392674576338
4402552401124
83567375834728
45084519279923
72572166954072
3303056065665
17596594995737
42885378750426
32989748354136
34089255970770
84666895517286
28591802500710
2203828932428
9900012375375
5501990299451
29691351370517
128647444025597
39586813569463
1104054168883
5502058317414
14298153528754
4402599975093
85766310360125
18696094122606
17596676022353
32989821543009
95662001594449
15397570514255
20220200
21994822436111
40686472768819
5502038414573
2203493358215
31890246156825
48383028079576
123149846718049
390331211436285
63776177288771
5501954123548
85766322031125
6601492493256
1104052757608
21994749012952
43985048686845
2203516452209
27492368539347
248494211453181
8800608078416
47283516451800
4402481312013
43984860080567
40686482035539
2203438433820
13198681077280
15397675357462
50582030411113
1103906597303
3303102542700
46183996568954
25293163861546
214409350992125
1104013995442
43984951222119
34089376918488
70373554424309
23094139152823
31890318176355
256190792847613
6601484944924
4402555911278
31890262472666
217707791123457
2203618854170
69273647614485
30790842035160
18696095339896
65975214123992
18696097193048
9900121107416
67074709472870
36288360128744
371639513764093
64875686217318
36288400174040
240797535306753
27492290772933
376037560275197
62676665660995
52781030842977
28591846729313
12099022875063
4553825061
7700990345753
962110
72572351009021
15397557758391
274882395767809
48382988034280
7701161184042
4402546689638
112154769608957
70373244356198
324360513769725
27492285325971
7701105459805
38487490547965
24193788812411
47283394963895
31890374626069
35188844798561
37387939298919
139642466705489
49482499662056
4402588055072
3303035061862
15397559211562
1103928511198
39586815022634
38487379681889
15397704332832
270484444008701
125348815544401
36288467292413
6601665572079
71472839381245
35188767598546
43984941523176
90164443455569
14298046130615
48383000445953
4515604674
31890415050451
58278616450662
106657027415128
10999616356293
50582023701505
28591793830820
57178999613879
53880542470753
26392675489322
78069817695848
69273816125693
19795709496509
3302969684237
71472659199037
4402442933802
32989743802807
24193650780599
86865918772838
6601477492047
2203448522714
68174201892963
27492374270205
41785942034022
4492123752
252892257964285
23094322028243
73671767884801
235299977167873
47283396417066
9900089630979
65975281242365
235300071919869
1104115823809
16497082142031
27492187117098
61577139068841
13198535275607
71472772262872
4434800909
63776174589542
1103906661125
24193652233770
6601613122844
6601542239020
26392704333786
54980071366737
32989865290712
232001442284545
56079488526290
27492307151832
255091281219837
29691322152314
60477723103485
86865904705383
129746860901377
19795605128478
4402449073723
75870835317883
8800593200742
23094244261829
3302929852855
67075008608161
3302930625623
40686325197239
1103907370071
20895128653135
4402442306284
9900002317688
6601892983504
16497151955369
6601653342461
54980164964605
7701069004557
95662003740264
45084493196248
38487407050693
49482523428454
48382915015741
13198716148563
3303129850530
25293162948562
2203517197154
2203419678250
27492282818152
34089255430583
30790806548579
21994627525047
21994640280911
20895129879065
90164752791457
27492185663927
5501953172229
409022909108477
26393075511690
56079676592381
10999513376062
9900000634652
118751744623617
6601504567565
1104065091765
17596678168168
38487332239322
31890337284037
31890326029313
111055073926232
45084453150952
10999525229081
27492586883790
29691208919479
13198603052378
42885445607016
28591841696660
17596663592120
25293175164239
28591846276711
45084472272233
74771287140244
5502026524771
36288372540417
23094252385658
73671862636797
17596697052937
72572283890648
5501992939789
19795613825540
4402442495772
4394969527
29691391794899
5502044846087
62676662961766
62676673791753
40686424859283
54980097846232
63776190868440
28591802400709
8800580632333
28591698744874
2203523434086
52780973197845
82468171397025
7701377160153
29691330407384
43984861533738
40686446685144
19795703931539
31890232175031
46183991244355
38487415174522
1103972998403
16497151964344
13198634164883
60371750
8800527823117
29691248750861
26392779245158
4402604647191
1103909814204
12099105453240
93463071936765
31890232715218
61577151333990
119851256251393
6601665291544
58278605095937
65975230667899
5501983406042
37387868054113
49482517881491
65975186490369
8800694167007
3303099688308
10999511247287
9900004170840
36288373694545
38487423429592
308967350980861
263887374242045
41785876656397
6601464736183
1103988295730
15397660374434
42885426192993
4402842041120
37387790313911
17596581013943
18696239216160
8800915551978
178125467275517
111055257981181
27492328114965
91263951216487
1104096879436
81368352579176
46184071942397
134145002164477
53880569939558
4449921794
46183988445125
3302981491386
85766407145062
8800585145960
47283395736663
158334164377681
31890353662936
7701089112401
36288279226322
59378211475709
14298085961997
4500178534
86865821987901
4402455462425
24193681078234
64875702496216
25293176390169
5502067539054
100060141703421
13198534502839
39586814109650
23094178984205
53880484825621
13198536631614
41785856920085
53880464730551
360644397486333
136343931822161
357345862603005
102259071361105
62676679240664
56079609474008
4402647655903
24193690611981
339753676558589
19795711667634
32989837657089
12099035630927
28591697291703
15397559239278
399127304458493
30790740642325
12099127984069
7700976363959
19795746720533
78069909147901
24193747934824
130846373683281
43984965189573
174826837640193
2203418225079
30790825756262
36288391918970
20895258348309
1104011806310
38487301941687
17596769620221
30790734529049
9900092260109
32989744342994
81368444031229
32989783634189
8800487991735
119851351003389
50582118453501
60477554592277
28591737123085
67074725751768
43984937820769
10999644755311
61577234731261
85766490542333
9900200351512
57179019708949
25293257416785
2203426933594
25293276519952
9900001072682
19795617025359
4402562968536
92363466711121
141841472703272
54980070212609
26392674036151
13198537201016
7701081472965
21994713526371
13198732368177
3302930023705
15397571740185
29691358357089
7701153551457
4402843037673
56079593195110
42885443461201
37387911801816
61577167612888
42885453561797
49482539707352
65975187644497
60477655985112
40686413389819
41785836825015
34089336873192
58278611805545
4402639308176
6601557376781
13198612243041
50582015848547
7701203999299
25293309979955
47283415058965
1104034461509
57179090755431
56079487986103
10999599477754
31890309915233
82467872261734
4402441544453
65975197845094
118751839375613
90164537053437
68174213045864
12099130783299
14298055686660
2203819782121
1104334157546
79169636513697
4402630086909
48382926686741
159433769603325
10999712083183
6601569945190
28591839742741
1103920579097
79169420775677
52781069141769
12099431512659
96761523422822
17596582467114
58278632729560
