36288400174040
6601665291544
4402442495772
62676665660995
86865918772838
360644397486333
4402599975093
28591839742741
49482539707352
4402562968536
4492123752
3302981491386
49482499662056
1104054168883
24193650780599
79169636513697
1104096879436
10999513376062
13198536631614
1104013995442
7701069004557
50582023701505
36288373694545
19795703931539
2203493358215
10999511247287
27492368539347
92363466711121
6601542239020
19795613825540
10999712083183
159433769603325
25293309979955
52781030842977
68174213045864
21994640280911
79169420775677
3303056065665
139642466705489
49482517881491
35188767598546
64875702496216
86865821987901
4434800909
27492280672337
27492586883790
4402639308176
85766407145062
25293257416785
5501954123548
50582118453501
54980164964605
409022909108477
4553825061
36288360128744
18696239216160
100060141703421
45084519279923
27492290772933
24193690611981
91263951216487
95662003740264
31890353662936
13198634164883
73671862636797
7701105459805
30790825756262
13198612243041
6601653342461
42885445607016
46183991244355
27492374270205
70373244356198
136343931822161
16497151964344
30790734529049
32989865290712
256190792847613
5501990299451
60477554592277
962110
81368444031229
6601504567565
24193747934824
54980097846232
26392779245158
78069817695848
10999644755311
24193652233770
47283395736663
26392674576338
35188888546264
73671767884801
23094322028243
38487415174522
102259071361105
25293162408375
43984937820769
29691391794899
8800527823117
67074709472870
70373554424309
27492185663927
58278632729560
61577151333990
41785856920085
38487379681889
65975186490369
38487490547965
8800585145960
31890232175031
20220200
9900001072682
7701161184042
24193681078234
12099431512659
2203426933594
6601892983504
53880542470753
18696095339896
112154769608957
9900092260109
28591802500710
57179090755431
29691208919479
371639513764093
111055160516455
69273816125693
248494211453181
48382926686741
8800694167007
29691358357089
39586814109650
130846373683281
65975187644497
17596594995737
2203516452209
72572283890648
38487301941687
63776177288771
64875686217318
34089336873192
38487423429592
23094252385658
17596769620221
15397704332832
28591846729313
47283396417066
111055073926232
82467872261734
23094178984205
42885453561797
7700976363959
217707791123457
4502367666
270484444008701
25293240148577
45084453150952
30790806548579
6601613122844
6601477492047
19795617025359
17596678168168
13198534502839
1103920579097
41785876656397
129746860901377
339753676558589
5502058317414
26392704333786
9900002317688
31890232715218
82468171397025
31890272006413
32989837657089
8800487991735
19795709496509
40686424859283
1103906597303
28591793830820
6601569945190
4402449073723
4402546689638
7701377160153
61577234731261
4449921794
54980071366737
14298046130615
85766310360125
63776174589542
2203517197154
28591737123085
58278611805545
36288391918970
29691248750861
4402555911278
232001442284545
19795605128478
37387790313911
106657027415128
14298085961997
308967350980861
65975197845094
9900200351512
14298153528754
13198732368177
357345862603005
25293162948562
1103988295730
13198535275607
128647444025597
6601484944924
37387939298919
95662001594449
12099127984069
40686482035539
23094139152823
214409350992125
62676679240664
6601665572079
2203418225079
40686472768819
9900089630979
36288279226322
32989743802807
4500178534
47283415058965
15397660374434
54980070212609
13198537201016
4402647655903
10999599477754
5502067539054
60477723103485
12099130783299
4402842041120
65975281242365
28591846276711
42885378750426
57178999613879
75870835317883
90164537053437
6601557376781
39586815022634
3302969684237
17596582467114
43984941523176
49482523428454
8800580632333
19795711667634
26393075511690
4402843037673
31890337284037
4402552401124
17596581013943
56079593195110
178125467275517
111055257981181
41785836825015
14298055686660
2203419678250
2203448522714
25293276519952
27492307151832
24193788812411
61577139068841
48383028079576
52781069141769
29691322152314
2203438433820
15397559211562
240797535306753
52780973197845
17596663592120
53880569939558
21994749012952
34089255970770
390331211436285
4402588055072
85766322031125
50582015848547
12099105453240
3303129850530
16497151955369
27492328114965
20895258348309
3303035061862
15397570514255
2203828932428
54979976358327
1104034461509
5502038414573
252892257964285
68174201892963
2203523434086
40686413389819
31890309915233
84666895517286
38487332239322
25293175164239
30790842035160
32989783634189
32989744342994
174826837640193
37387911801816
399127304458493
43984860080567
12099035630927
63776190868440
13198716148563
141841472703272
4402442933802
376037560275197
36288372540417
2203618854170
5501953172229
4402442306284
61577167612888
4394969527
324360513769725
60477655985112
29691330407384
90164752791457
65975230667899
12099022875063
1104334157546
71472839381245
35188844798561
45084472272233
235299977167873
16497082142031
8800915551978
31890415050451
31890374626069
72572166954072
71472659199037
42885443461201
9900121107416
56079487986103
9900000634652
65975214123992
119851256251393
28591841696660
86865904705383
28591697291703
28591698744874
1104115823809
3302930023705
21994713526371
6601492493256
62676673791753
67075008608161
19795746720533
71472772262872
10999525229081
21994822436111
18696094122606
36288467292413
26392675489322
45084493196248
4515604674
43984965189573
8800608078416
8800593200742
69273647614485
235300071919869
7701081472965
50582030411113
56079488526290
1104011806310
17596697052937
1103907370071
40686325197239
62676662961766
7700990345753
96761523422822
6601464736183
43984861533738
4402441544453
13198681077280
56079609474008
41785942034022
3303099688308
125348815544401
4402604647191
46183988445125
10999616356293
1104065091765
4402455462425
27492285325971
3302930625623
48383000445953
53880464730551
32989748354136
34089376918488
2203819782121
39586813569463
24193797355040
21994627525047
1103928511198
72572351009021
40686446685144
3303102542700
9900004170840
28591802400709
67074725751768
58278616450662
1103972998403
3302929852855
158334164377681
47283394963895
34089255430583
263887374242045
25293176390169
20895129879065
48382915015741
56079676592381
1103906661125
255091281219837
25293163861546
46184071942397
274882395767809
123149846718049
58278605095937
46183996568954
27492187117098
31890318176355
5502026524771
134145002164477
38487407050693
15397675357462
26392674036151
23094244261829
32989821543009
78069909147901
4402481312013
1104052757608
81368352579176
7701089112401
20895128653135
13198603052378
15397571740185
5501983406042
9900012375375
31890262472666
118751839375613
85766490542333
43984951222119
59378211475709
5501992939789
30790740642325
57179019708949
15397557758391
7701203999299
119851351003389
32989763897877
1103909814204
31890246156825
15397559239278
93463071936765
53880484825621
118751744623617
48382988034280
83567375834728
90164443455569
31890326029313
29691351370517
7701153551457
60371750
18696097193048
5502044846087
47283516451800
43985048686845
4402630086909
74771287140244
42885426192993
17596676022353
27492282818152
37387868054113
