24193788812411
6601892983504
60371750
29691322152314
9900004170840
78069909147901
27492307151832
4402546689638
26392779245158
31890272006413
28591839742741
6601569945190
68174201892963
31890353662936
27492282818152
56079676592381
5502038414573
19795709496509
43984965189573
4402555911278
30790806548579
13198732368177
9900200351512
50582023701505
2203438433820
31890262472666
1104052757608
13198534502839
119851256251393
15397557758391
42885445607016
12099035630927
96761523422822
100060141703421
34089376918488
84666895517286
2203493358215
270484444008701
1103988295730
14298085961997
19795605128478
129746860901377
92363466711121
35188844798561
2203819782121
45084519279923
38487301941687
7701081472965
4402842041120
5502058317414
56079488526290
28591846276711
4402455462425
360644397486333
35188888546264
217707791123457
23094178984205
56079593195110
1104096879436
71472772262872
36288360128744
34089255970770
27492185663927
1103907370071
37387939298919
39586815022634
23094322028243
29691391794899
174826837640193
21994640280911
3303099688308
8800585145960
57179090755431
10999511247287
93462974472039
47283394963895
252892257964285
27492368539347
27492374270205
30790825756262
31890246156825
31890415050451
36288372540417
159433769603325
25293162948562
25293257416785
62676662961766
28591802500710
6601477492047
1103972998403
25293176390169
54980097846232
27492187117098
95662003740264
17596697052937
41785856920085
24193797355040
36288400174040
52781030842977
6601665572079
15397570514255
15397559239278
27492328114965
58278605095937
47283516451800
19795613825540
36288467292413
5502026524771
36288373694545
4492123752
4402647655903
4402442933802
324360513769725
23094252385658
4402441544453
399127304458493
119851351003389
6601504567565
29691351370517
37387911801816
10999644755311
42885453561797
8800527823117
26392675489322
21994822436111
23094139152823
65975186490369
31890337284037
1104013995442
2203516452209
67074725751768
32989744342994
15397559211562
256190792847613
45084453150952
376037560275197
4402552401124
86865918772838
69273647614485
357345862603005
54980164964605
1103920579097
27492586883790
43984937820769
45084472272233
4402843037673
4402599975093
42885426192993
60477554592277
60477723103485
263887374242045
31890309915233
24193747934824
5501990299451
34089255430583
18696097193048
85766310360125
178125467275517
15397704332832
20895129879065
14298055686660
28591698744874
15397675357462
71472839381245
79169420775677
31890318176355
34089336873192
274882395767809
28591697291703
14298046130615
79169636513697
9900002317688
3302930625623
4402604647191
255091281219837
39586814109650
130846373683281
36288279226322
93463071936765
13198536631614
24193681078234
64875702496216
26393075511690
7701203999299
141841472703272
27492285325971
52780973197845
40686482035539
73671767884801
90164443455569
111055160516455
17596769620221
2203426933594
2203517197154
63776190868440
48382988034280
26392674036151
47283395736663
371639513764093
65975281242365
10999712083183
136343931822161
17596678168168
38487332239322
42885378750426
46183996568954
36288391918970
50582015848547
6601557376781
7701153551457
19795703931539
78069817695848
81368444031229
86865821987901
24193690611981
4500178534
1104034461509
50582030411113
35188767598546
3303056065665
25293309979955
53880542470753
214409350992125
8800694167007
71472659199037
5502044846087
65975197845094
128647444025597
53880569939558
1103906661125
9900121107416
390331211436285
4402562968536
111055257981181
1103906597303
3303035061862
29691358357089
32989821543009
2203828932428
4394969527
72572283890648
4402639308176
31890374626069
12099431512659
19795711667634
17596594995737
1104054168883
7701161184042
62676665660995
14298153528754
31890232175031
235299977167873
4402442306284
31890232715218
62676673791753
26392704333786
134145002164477
43984861533738
32989837657089
12099022875063
409022909108477
3302930023705
56079487986103
32989748354136
24193652233770
9900089630979
21994749012952
17596582467114
37387790313911
13198716148563
32989783634189
8800915551978
4402630086909
52781069141769
40686446685144
8800487991735
3302969684237
4402449073723
13198681077280
5502067539054
65975230667899
65975214123992
15397571740185
18696094122606
31890326029313
90164752791457
248494211453181
240797535306753
46183988445125
13198603052378
3302981491386
16497151955369
17596581013943
308967350980861
53880464730551
4515604674
58278632729560
28591793830820
3302929852855
81368352579176
1104065091765
4402481312013
61577234731261
32989763897877
20895128653135
112154769608957
85766407145062
4553825061
16497082142031
40686413389819
15397660374434
6601653342461
2203618854170
83567375834728
125348815544401
1104011806310
41785876656397
6601613122844
23094244261829
61577151333990
106657027415128
30790734529049
48382915015741
2203448522714
6601665291544
29691208919479
29691248750861
10999599477754
2203523434086
62676679240664
45084493196248
95662001594449
40686424859283
1103928511198
25293276519952
6601484944924
54979976358327
4402588055072
32989743802807
41785836825015
9900012375375
28591802400709
53880692186134
70373554424309
70373244356198
43985048686845
48383000445953
5501983406042
38487379681889
9900000634652
73671862636797
47283415058965
102259071361105
27492280672337
4434800909
85766322031125
18696239216160
57179019708949
2203418225079
4449921794
58278616450662
17596663592120
49482539707352
17596676022353
53880484825621
48382926686741
6601492493256
38487407050693
68174213045864
29691330407384
26392674576338
38487415174522
118751744623617
13198634164883
12099127984069
6601542239020
30790842035160
74771287140244
8800608078416
25293175164239
6601464736183
43984951222119
1103909814204
1104115823809
16497151964344
90164537053437
10999513376062
339753676558589
7701105459805
37387868054113
8800593200742
25293162408375
19795617025359
63776177288771
5501953172229
56079609474008
20220200
7700990345753
75870835317883
111055073926232
2203419678250
8800580632333
9900092260109
59378211475709
235300071919869
18696095339896
72572351009021
43984941523176
40686472768819
14298252305887
5501954123548
7701377160153
70373260635096
25293163861546
82468171397025
7701069004557
47283396417066
5501992939789
91263951216487
67075008608161
21994627525047
46183991244355
13198535275607
123149846718049
48383028079576
42885443461201
50582118453501
13198537201016
118751839375613
54980071366737
40686325197239
12099105453240
60477655985112
32989865290712
3303102542700
12099130783299
82467872261734
13198612243041
28591846729313
86865904705383
7700976363959
232001442284545
10999525229081
38487423429592
74771186198482
49482499662056
63776174589542
85766490542333
19795746720533
4402442495772
27492290772933
25293240148577
4502367666
20895258348309
43984860080567
28591737123085
67074709472870
3303129850530
1104334157546
57178999613879
10999616356293
54980070212609
61577139068841
962110
24193650780599
46184071942397
69273816125693
38487490547965
158334164377681
28591841696660
58278611805545
61577167612888
39586813569463
139642466705489
21994713526371
65975187644497
49482517881491
7701089112401
49482523428454
64875686217318
58278511241655
30790740642325
52781099677216
9900001072682
72572166954072
41785942034022
