65975197845094
25293257416785
376037560275197
8800585145960
50582118453501
72572283890648
7701377160153
10999644755311
9900121107416
92363466711121
5501954123548
67074709472870
56079487986103
54980097846232
25293276519952
1104096879436
31890374626069
17596697052937
4402442495772
20895258348309
24193681078234
50582030411113
85766407145062
2203493358215
54980164964605
34089376918488
73671862636797
19795617025359
43984861533738
31890232715218
13198716148563
35188844798561
1104011806310
23094252385658
6601504567565
56079676592381
43984941523176
9900001072682
6601892983504
75870835317883
42885453561797
31890309915233
3302981491386
25293240148577
2203618854170
4402441544453
31890415050451
85766310360125
139642466705489
60477655985112
100060141703421
32989865290712
19795746720533
4402588055072
235299977167873
30790734529049
45084453150952
2203438433820
7701069004557
62676679240664
72572166954072
71472659199037
119851256251393
111055073926232
2203828932428
38487407050693
5502058317414
28591697291703
13198732368177
31890326029313
4402604647191
47283516451800
21994640280911
40686424859283
1104013995442
59378211475709
34089336873192
17596581013943
34089255970770
27492185663927
25293176390169
31890318176355
61577151333990
141841472703272
129746860901377
63776174589542
48382988034280
15397570514255
252892257964285
4402842041120
15397559211562
31890262472666
21994627525047
81368352579176
27492285325971
54979976358327
232001442284545
47283396417066
31890353662936
3303129850530
14298153528754
23094139152823
7701081472965
10999616356293
5501983406042
1104065091765
42885443461201
20895129879065
9900092260109
18696094122606
1103906661125
32989763897877
19795605128478
46183991244355
6601665291544
17596594995737
24193652233770
2203819782121
61577139068841
7701161184042
79169636513697
43984937820769
90164752791457
1103906597303
32989744342994
83567375834728
3302969684237
73671767884801
4500178534
86865904705383
28591839742741
23094178984205
30790740642325
19795613825540
3302929852855
1104052757608
21994749012952
28591802400709
3303056065665
308967350980861
128647444025597
35188767598546
357345862603005
47283415058965
36288391918970
46184071942397
28591802500710
390331211436285
274882395767809
10999513376062
9900002317688
36288279226322
57178999613879
29691358357089
21994713526371
36288373694545
9900012375375
85766490542333
29691248750861
962110
4402555911278
21994822436111
27492374270205
39586815022634
58278605095937
111055257981181
9900004170840
17596582467114
270484444008701
41785856920085
4402630086909
48383000445953
6601484944924
27492307151832
18696097193048
14298085961997
7700990345753
28591737123085
78069909147901
28591841696660
324360513769725
82468171397025
9900089630979
134145002164477
63776177288771
41785942034022
16497082142031
255091281219837
37387868054113
111055160516455
27492290772933
25293163861546
12099130783299
5501992939789
27492282818152
16497151955369
48382926686741
9900200351512
43984951222119
26392704333786
13198534502839
29691391794899
4434800909
10999525229081
29691208919479
8800487991735
74771287140244
360644397486333
85766322031125
25293309979955
24193690611981
19795703931539
13198603052378
8800593200742
71472839381245
37387911801816
12099035630927
43984860080567
118751839375613
49482523428454
38487415174522
32989783634189
6601665572079
9900000634652
5502038414573
6601613122844
32989821543009
72572351009021
62676665660995
13198535275607
2203426933594
63776190868440
399127304458493
2203517197154
90164537053437
58278632729560
3303035061862
37387790313911
86865918772838
1104115823809
14298046130615
1103928511198
2203418225079
13198612243041
50582023701505
12099431512659
32989743802807
15397704332832
7701105459805
65975214123992
119851351003389
52781030842977
79169420775677
4402449073723
7701153551457
30790806548579
26392779245158
32989837657089
15397675357462
2203516452209
24193797355040
84666895517286
39586813569463
4402546689638
123149846718049
56079593195110
1103920579097
48382915015741
69273647614485
27492586883790
6601492493256
27492328114965
15397660374434
256190792847613
46183996568954
29691322152314
45084519279923
25293162948562
96761523422822
61577234731261
1103972998403
4402442933802
20220200
27492187117098
1103988295730
7701089112401
214409350992125
10999712083183
263887374242045
17596663592120
2203448522714
38487423429592
67074725751768
4515604674
158334164377681
30790842035160
5501990299451
70373244356198
40686446685144
248494211453181
8800580632333
17596676022353
53880464730551
58278611805545
3302930625623
29691330407384
42885378750426
24193650780599
65975230667899
27492368539347
19795709496509
65975186490369
40686482035539
29691351370517
56079488526290
67075008608161
3303099688308
40686472768819
95662001594449
36288372540417
37387939298919
95662003740264
4492123752
49482539707352
68174201892963
12099022875063
13198536631614
27492280672337
240797535306753
8800694167007
339753676558589
57179090755431
6601542239020
61577167612888
106657027415128
130846373683281
36288360128744
56079609474008
91263951216487
90164443455569
64875686217318
235300071919869
159433769603325
4402562968536
32989748354136
19795711667634
4502367666
81368444031229
2203523434086
43985048686845
28591846729313
60371750
18696095339896
60477554592277
8800527823117
4402843037673
13198634164883
217707791123457
17596769620221
53880484825621
1104054168883
102259071361105
4402552401124
60477723103485
6601464736183
8800608078416
58278616450662
7700976363959
136343931822161
47283394963895
25293175164239
10999599477754
26392675489322
4394969527
65975281242365
82467872261734
54980070212609
36288467292413
1103907370071
5501953172229
24193747934824
409022909108477
5502026524771
93463071936765
45084472272233
15397559239278
31890272006413
13198681077280
42885445607016
4402599975093
4553825061
34089255430583
6601569945190
4402639308176
68174213045864
62676662961766
10999511247287
28591698744874
35188888546264
15397557758391
16497151964344
86865821987901
8800915551978
1103909814204
6601653342461
31890232175031
112154769608957
3302930023705
4402481312013
57179019708949
54980071366737
4402442306284
49482517881491
71472772262872
5502067539054
47283395736663
5502044846087
1104034461509
28591793830820
52781069141769
6601477492047
70373554424309
38487379681889
18696239216160
40686413389819
24193788812411
371639513764093
49482499662056
36288400174040
25293162408375
31890246156825
38487490547965
178125467275517
53880542470753
3303102542700
64875702496216
20895128653135
41785836825015
50582015848547
4402647655903
12099127984069
39586814109650
28591846276711
26392674576338
23094322028243
38487301941687
4402455462425
17596678168168
30790825756262
62676673791753
14298055686660
6601557376781
43984965189573
40686325197239
53880569939558
26392674036151
52780973197845
38487332239322
23094244261829
125348815544401
174826837640193
7701203999299
48383028079576
15397571740185
26393075511690
78069817695848
13198537201016
45084493196248
69273816125693
65975187644497
41785876656397
118751744623617
46183988445125
2203419678250
12099105453240
1104334157546
31890337284037
4449921794
42885426192993
