56079593195110
54980164964605
34089336873192
17596663592120
15397675357462
112154769608957
13198716148563
1104011806310
38487490547965
9900002317688
6601665572079
17596769620221
36288360128744
48383000445953
5501954123548
20895258348309
10999525229081
21994713526371
4402562968536
4402604647191
49482517881491
123149846718049
40686424859283
79169420775677
68174201892963
14298046130615
4402546689638
29691322152314
82468171397025
52781099677216
1104034461509
159433769603325
4394969527
28591839742741
235300071919869
37387911801816
6601484944924
47283394963895
30790734529049
18696095339896
2203828932428
24193788812411
2203438433820
8800694167007
27492307151832
19795617025359
25293309979955
9900089630979
1103906597303
31890246156825
52781030842977
17596581013943
139642466705489
5502026524771
81368444031229
34089376918488
92363466711121
25293276519952
1103907370071
38487423429592
7701377160153
28591841696660
93463071936765
4449921794
1104052757608
28591846276711
20895129879065
360644397486333
4402639308176
71472659199037
47283396417066
13198732368177
71472839381245
25293175164239
6601464736183
6601542239020
27492285325971
30790740642325
4402481312013
119851256251393
12099022875063
14298085961997
4402630086909
15397704332832
308967350980861
31890374626069
136343931822161
57178999613879
174826837640193
81368352579176
14298055686660
19795605128478
75870835317883
59378211475709
14298153528754
58278511241655
5502067539054
86865821987901
6601477492047
74771287140244
56079487986103
23094178984205
6601569945190
43984965189573
85766490542333
27492282818152
70373244356198
2203448522714
31890337284037
106657027415128
3302930625623
38487301941687
45084453150952
4492123752
130846373683281
25293163861546
2203493358215
41785876656397
2203418225079
9900121107416
5501990299451
19795709496509
9900001072682
67075008608161
17596678168168
119851351003389
10999616356293
13198535275607
57179019708949
12099127984069
62676673791753
64875686217318
13198537201016
28591737123085
62676665660995
53880569939558
12099431512659
111055073926232
91263951216487
10999599477754
10999644755311
15397660374434
8800608078416
32989783634189
32989748354136
18696094122606
25293162408375
24193690611981
3303129850530
15397570514255
53880464730551
36288372540417
4553825061
46184071942397
90164752791457
35188767598546
63776177288771
48382988034280
70373554424309
93462974472039
49482499662056
41785942034022
2203517197154
69273647614485
58278616450662
61577167612888
13198681077280
34089255430583
62676679240664
42885378750426
357345862603005
58278605095937
2203618854170
38487379681889
65975214123992
270484444008701
85766407145062
118751744623617
12099130783299
30790825756262
36288400174040
4500178534
8800527823117
46183988445125
79169636513697
48383028079576
68174213045864
31890272006413
69273816125693
27492185663927
42885445607016
10999712083183
21994640280911
31890415050451
35188844798561
13198536631614
72572166954072
58278611805545
85766310360125
43985048686845
23094244261829
28591802400709
5502044846087
4402555911278
15397557758391
90164537053437
4402599975093
49482523428454
217707791123457
39586814109650
29691208919479
57179090755431
125348815544401
4402647655903
95662003740264
7701069004557
58278632729560
3302929852855
6601557376781
4402552401124
4402588055072
8800915551978
46183991244355
3303099688308
40686482035539
43984951222119
43984860080567
37387868054113
19795711667634
36288467292413
2203426933594
18696097193048
31890309915233
18696239216160
65975281242365
47283516451800
263887374242045
32989837657089
31890353662936
274882395767809
83567375834728
32989763897877
8800487991735
27492328114965
40686325197239
17596594995737
86865918772838
3303056065665
390331211436285
60477655985112
26392675489322
78069817695848
23094252385658
3302981491386
20895128653135
134145002164477
240797535306753
31890232715218
38487415174522
27492368539347
1103988295730
17596697052937
48382926686741
1103920579097
30790806548579
12099105453240
102259071361105
56079676592381
7701089112401
13198603052378
28591698744874
26392674036151
61577234731261
24193652233770
17596676022353
252892257964285
13198612243041
28591846729313
4402442495772
65975230667899
7701081472965
39586815022634
36288279226322
4402842041120
25293240148577
129746860901377
54979976358327
5502038414573
23094139152823
1104334157546
40686446685144
40686472768819
52781069141769
1104115823809
39586813569463
19795703931539
7700976363959
2203523434086
214409350992125
6601613122844
12099035630927
16497151964344
232001442284545
67074709472870
8800580632333
60477554592277
111055257981181
6601504567565
29691351370517
9900092260109
2203516452209
3302969684237
111055160516455
21994822436111
50582015848547
47283395736663
72572351009021
96761523422822
21994627525047
29691248750861
371639513764093
962110
40686413389819
63776174589542
41785856920085
9900012375375
46183996568954
31890232175031
27492586883790
1104096879436
32989744342994
158334164377681
65975197845094
82467872261734
70373260635096
2203819782121
20220200
86865904705383
31890318176355
45084519279923
32989865290712
3303102542700
24193681078234
7700990345753
43984861533738
19795746720533
60477723103485
27492187117098
339753676558589
26392779245158
42885426192993
1103972998403
10999513376062
37387790313911
4434800909
43984937820769
4502367666
15397559239278
4515604674
4402442306284
8800593200742
1104013995442
15397559211562
7701105459805
7701203999299
4402449073723
1103928511198
73671862636797
25293162948562
4402441544453
30790842035160
128647444025597
16497151955369
3302930023705
7701153551457
256190792847613
15397571740185
16497082142031
27492290772933
42885443461201
1104065091765
1103906661125
9900004170840
7701161184042
38487332239322
4402442933802
6601665291544
31890262472666
60371750
95662001594449
53880542470753
34089255970770
43984941523176
4402455462425
41785836825015
100060141703421
73671767884801
29691358357089
71472772262872
9900000634652
42885453561797
72572283890648
54980071366737
54980070212609
50582030411113
53880484825621
9900200351512
27492374270205
56079488526290
78069909147901
67074725751768
26392704333786
56079609474008
28591793830820
31890326029313
178125467275517
36288391918970
4402843037673
37387939298919
29691330407384
1104054168883
5501953172229
13198534502839
399127304458493
324360513769725
13198634164883
409022909108477
27492280672337
90164443455569
255091281219837
32989821543009
65975187644497
52780973197845
25293257416785
36288373694545
19795613825540
49482539707352
25293176390169
47283415058965
65975186490369
5502058317414
21994749012952
50582118453501
24193747934824
61577139068841
5501992939789
28591697291703
45084472272233
6601653342461
85766322031125
1103909814204
61577151333990
6601492493256
62676662961766
6601892983504
118751839375613
17596582467114
26393075511690
141841472703272
84666895517286
235299977167873
26392674576338
38487407050693
23094322028243
48382915015741
29691391794899
32989743802807
8800585145960
63776190868440
64875702496216
24193650780599
50582023701505
248494211453181
5501983406042
10999511247287
28591802500710
24193797355040
376037560275197
3303035061862
35188888546264
2203419678250
54980097846232
45084493196248
