3303099688308
37387911801816
4434800909
60477655985112
40686413389819
30790740642325
23094178984205
4402639308176
29691248750861
50582118453501
14298046130615
75870835317883
65975186490369
43984861533738
36288279226322
73671862636797
54980070212609
8800915551978
1103988295730
36288372540417
3302981491386
60477554592277
72572351009021
42885445607016
13198603052378
65975214123992
70373244356198
49482539707352
962110
38487415174522
7701081472965
16497151964344
4402546689638
43985048686845
83567375834728
130846373683281
31890337284037
6601557376781
60477723103485
41785836825015
59378211475709
1104034461509
3302930625623
96761523422822
48382926686741
24193652233770
37387939298919
45084472272233
84666895517286
24193681078234
26392779245158
21994822436111
90164752791457
81368444031229
4402604647191
17596582467114
1103909814204
54980164964605
12099130783299
178125467275517
6601477492047
4449921794
390331211436285
339753676558589
12099431512659
71472659199037
46183991244355
13198612243041
31890232715218
43984937820769
23094139152823
46184071942397
102259071361105
90164537053437
4402647655903
4402842041120
93463071936765
360644397486333
25293175164239
232001442284545
14298153528754
141841472703272
6601492493256
252892257964285
41785942034022
12099035630927
139642466705489
50582030411113
34089376918488
35188888546264
52780973197845
235299977167873
4553825061
67075008608161
270484444008701
38487423429592
111055160516455
1104065091765
27492328114965
9900001072682
31890374626069
19795703931539
7701377160153
274882395767809
86865918772838
43984951222119
6601569945190
25293176390169
49482523428454
39586813569463
79169636513697
72572166954072
24193650780599
32989743802807
174826837640193
31890262472666
20895128653135
27492285325971
2203516452209
20895258348309
1103920579097
34089255430583
74771287140244
31890309915233
13198732368177
240797535306753
63776177288771
21994640280911
7700990345753
70373554424309
29691391794899
23094322028243
21994713526371
1104011806310
19795617025359
255091281219837
17596769620221
3303035061862
24193690611981
27492282818152
6601653342461
19795605128478
35188767598546
26392704333786
4402449073723
25293309979955
399127304458493
19795711667634
48382915015741
29691330407384
4402588055072
3302969684237
34089255970770
52781069141769
13198681077280
15397559211562
31890232175031
2203418225079
17596676022353
78069817695848
27492368539347
43984941523176
8800585145960
95662001594449
25293257416785
18696094122606
100060141703421
2203523434086
111055073926232
29691208919479
63776190868440
2203493358215
46183988445125
15397557758391
71472839381245
1103906661125
53880464730551
85766407145062
4402555911278
4500178534
52781030842977
26392674576338
20220200
48382988034280
40686325197239
28591698744874
39586814109650
32989783634189
31890272006413
56079593195110
6601464736183
26392675489322
42885378750426
25293163861546
10999712083183
69273816125693
90164443455569
65975281242365
37387790313911
134145002164477
72572283890648
25293276519952
36288400174040
27492586883790
57178999613879
48383000445953
5501983406042
47283394963895
26392674036151
1103906597303
13198535275607
53880542470753
20895129879065
30790825756262
3302930023705
24193747934824
6601484944924
45084519279923
6601892983504
324360513769725
17596697052937
57179090755431
9900092260109
57179019708949
23094244261829
18696095339896
68174213045864
1104013995442
15397570514255
62676662961766
158334164377681
38487407050693
23094252385658
8800527823117
9900121107416
47283415058965
1103907370071
35188844798561
1104334157546
61577139068841
49482499662056
32989763897877
409022909108477
29691351370517
4394969527
6601665291544
58278605095937
45084493196248
28591793830820
34089336873192
17596581013943
119851351003389
7701069004557
12099022875063
308967350980861
36288467292413
256190792847613
4402481312013
28591846276711
21994627525047
53880569939558
79169420775677
32989821543009
43984965189573
39586815022634
15397704332832
54979976358327
28591802400709
111055257981181
95662003740264
1104054168883
49482517881491
10999511247287
214409350992125
9900089630979
4402442306284
1103972998403
10999616356293
36288360128744
2203426933594
263887374242045
15397660374434
62676673791753
1103928511198
32989748354136
71472772262872
62676665660995
47283396417066
25293162408375
48383028079576
78069909147901
10999513376062
29691322152314
1104096879436
14298055686660
4402455462425
61577167612888
13198534502839
30790734529049
31890326029313
47283516451800
85766322031125
64875686217318
17596663592120
3303129850530
38487301941687
2203819782121
30790842035160
19795746720533
4402843037673
43984860080567
31890353662936
2203438433820
38487332239322
24193788812411
82467872261734
7701161184042
371639513764093
27492280672337
28591839742741
24193797355040
82468171397025
50582015848547
13198634164883
54980097846232
1104052757608
60371750
67074709472870
4502367666
7701105459805
67074725751768
92363466711121
129746860901377
9900200351512
65975197845094
9900000634652
15397675357462
41785856920085
7701153551457
4402630086909
28591697291703
235300071919869
40686424859283
10999599477754
376037560275197
26393075511690
14298085961997
5502058317414
28591841696660
3303056065665
28591737123085
27492307151832
38487490547965
40686446685144
42885453561797
8800608078416
28591802500710
36288373694545
118751744623617
16497151955369
13198716148563
28591846729313
2203828932428
1104115823809
8800593200742
27492187117098
15397571740185
56079609474008
357345862603005
248494211453181
73671767884801
2203517197154
12099127984069
62676679240664
42885426192993
30790806548579
56079488526290
69273647614485
8800694167007
2203618854170
9900002317688
7700976363959
3302929852855
9900012375375
10999644755311
4402441544453
112154769608957
10999525229081
32989837657089
4402562968536
128647444025597
19795709496509
18696239216160
13198536631614
86865904705383
4515604674
86865821987901
27492374270205
65975187644497
15397559239278
5502026524771
6601542239020
41785876656397
32989865290712
4492123752
5501992939789
46183996568954
40686472768819
36288391918970
25293240148577
5502067539054
47283395736663
6601613122844
56079487986103
4402552401124
50582023701505
56079676592381
61577151333990
65975230667899
4402599975093
27492185663927
19795613825540
81368352579176
58278632729560
61577234731261
58278611805545
25293162948562
42885443461201
217707791123457
12099105453240
27492290772933
3303102542700
91263951216487
85766490542333
58278616450662
68174201892963
2203419678250
31890415050451
54980071366737
5502044846087
38487379681889
5501953172229
2203448522714
53880484825621
8800580632333
136343931822161
7701203999299
9900004170840
45084453150952
4402442495772
5501954123548
64875702496216
6601504567565
32989744342994
123149846718049
5501990299451
85766310360125
63776174589542
7701089112401
31890246156825
18696097193048
31890318176355
6601665572079
159433769603325
40686482035539
106657027415128
125348815544401
17596594995737
17596678168168
5502038414573
29691358357089
8800487991735
13198537201016
21994749012952
119851256251393
16497082142031
118751839375613
37387868054113
4402442933802
